0.000000000000000000e+00 0.000000000000000000e+00
1.000000000000000000e+00 0.000000000000000000e+00
2.000000000000000000e+00 0.000000000000000000e+00
3.000000000000000000e+00 0.000000000000000000e+00
4.000000000000000000e+00 0.000000000000000000e+00
5.000000000000000000e+00 0.000000000000000000e+00
6.000000000000000000e+00 0.000000000000000000e+00
7.000000000000000000e+00 0.000000000000000000e+00
8.000000000000000000e+00 0.000000000000000000e+00
9.000000000000000000e+00 0.000000000000000000e+00
1.000000000000000000e+01 0.000000000000000000e+00
1.100000000000000000e+01 0.000000000000000000e+00
1.200000000000000000e+01 0.000000000000000000e+00
1.300000000000000000e+01 0.000000000000000000e+00
1.400000000000000000e+01 0.000000000000000000e+00
1.500000000000000000e+01 0.000000000000000000e+00
1.600000000000000000e+01 0.000000000000000000e+00
1.700000000000000000e+01 0.000000000000000000e+00
1.800000000000000000e+01 0.000000000000000000e+00
1.900000000000000000e+01 0.000000000000000000e+00
2.000000000000000000e+01 0.000000000000000000e+00
2.100000000000000000e+01 0.000000000000000000e+00
2.200000000000000000e+01 0.000000000000000000e+00
2.300000000000000000e+01 0.000000000000000000e+00
2.400000000000000000e+01 0.000000000000000000e+00
2.500000000000000000e+01 0.000000000000000000e+00
2.600000000000000000e+01 0.000000000000000000e+00
2.700000000000000000e+01 0.000000000000000000e+00
2.800000000000000000e+01 0.000000000000000000e+00
2.900000000000000000e+01 0.000000000000000000e+00
3.000000000000000000e+01 0.000000000000000000e+00
3.100000000000000000e+01 0.000000000000000000e+00
3.200000000000000000e+01 0.000000000000000000e+00
3.300000000000000000e+01 0.000000000000000000e+00
3.400000000000000000e+01 0.000000000000000000e+00
3.500000000000000000e+01 0.000000000000000000e+00
3.600000000000000000e+01 0.000000000000000000e+00
3.700000000000000000e+01 0.000000000000000000e+00
3.800000000000000000e+01 0.000000000000000000e+00
3.900000000000000000e+01 0.000000000000000000e+00
4.000000000000000000e+01 0.000000000000000000e+00
4.100000000000000000e+01 0.000000000000000000e+00
4.200000000000000000e+01 0.000000000000000000e+00
4.300000000000000000e+01 0.000000000000000000e+00
4.400000000000000000e+01 0.000000000000000000e+00
4.500000000000000000e+01 0.000000000000000000e+00
4.600000000000000000e+01 0.000000000000000000e+00
4.700000000000000000e+01 0.000000000000000000e+00
4.800000000000000000e+01 0.000000000000000000e+00
4.900000000000000000e+01 0.000000000000000000e+00
5.000000000000000000e+01 0.000000000000000000e+00
5.100000000000000000e+01 0.000000000000000000e+00
5.200000000000000000e+01 0.000000000000000000e+00
5.300000000000000000e+01 0.000000000000000000e+00
5.400000000000000000e+01 0.000000000000000000e+00
5.500000000000000000e+01 0.000000000000000000e+00
5.600000000000000000e+01 0.000000000000000000e+00
5.700000000000000000e+01 0.000000000000000000e+00
5.800000000000000000e+01 0.000000000000000000e+00
5.900000000000000000e+01 0.000000000000000000e+00
6.000000000000000000e+01 0.000000000000000000e+00
6.100000000000000000e+01 0.000000000000000000e+00
6.200000000000000000e+01 0.000000000000000000e+00
6.300000000000000000e+01 0.000000000000000000e+00
6.400000000000000000e+01 0.000000000000000000e+00
6.500000000000000000e+01 0.000000000000000000e+00
6.600000000000000000e+01 0.000000000000000000e+00
6.700000000000000000e+01 0.000000000000000000e+00
6.800000000000000000e+01 0.000000000000000000e+00
6.900000000000000000e+01 0.000000000000000000e+00
7.000000000000000000e+01 0.000000000000000000e+00
7.100000000000000000e+01 0.000000000000000000e+00
7.200000000000000000e+01 0.000000000000000000e+00
7.300000000000000000e+01 0.000000000000000000e+00
7.400000000000000000e+01 0.000000000000000000e+00
7.500000000000000000e+01 0.000000000000000000e+00
7.600000000000000000e+01 0.000000000000000000e+00
7.700000000000000000e+01 0.000000000000000000e+00
7.800000000000000000e+01 0.000000000000000000e+00
7.900000000000000000e+01 0.000000000000000000e+00
8.000000000000000000e+01 0.000000000000000000e+00
8.100000000000000000e+01 0.000000000000000000e+00
8.200000000000000000e+01 0.000000000000000000e+00
8.300000000000000000e+01 0.000000000000000000e+00
8.400000000000000000e+01 0.000000000000000000e+00
8.500000000000000000e+01 0.000000000000000000e+00
8.600000000000000000e+01 0.000000000000000000e+00
8.700000000000000000e+01 0.000000000000000000e+00
8.800000000000000000e+01 0.000000000000000000e+00
8.900000000000000000e+01 0.000000000000000000e+00
9.000000000000000000e+01 0.000000000000000000e+00
9.100000000000000000e+01 0.000000000000000000e+00
9.200000000000000000e+01 0.000000000000000000e+00
9.300000000000000000e+01 0.000000000000000000e+00
9.400000000000000000e+01 0.000000000000000000e+00
9.500000000000000000e+01 0.000000000000000000e+00
9.600000000000000000e+01 0.000000000000000000e+00
9.700000000000000000e+01 0.000000000000000000e+00
9.800000000000000000e+01 0.000000000000000000e+00
9.900000000000000000e+01 0.000000000000000000e+00
1.000000000000000000e+02 0.000000000000000000e+00
1.010000000000000000e+02 0.000000000000000000e+00
1.020000000000000000e+02 0.000000000000000000e+00
1.030000000000000000e+02 0.000000000000000000e+00
1.040000000000000000e+02 0.000000000000000000e+00
1.050000000000000000e+02 0.000000000000000000e+00
1.060000000000000000e+02 0.000000000000000000e+00
1.070000000000000000e+02 0.000000000000000000e+00
1.080000000000000000e+02 0.000000000000000000e+00
1.090000000000000000e+02 0.000000000000000000e+00
1.100000000000000000e+02 0.000000000000000000e+00
1.110000000000000000e+02 0.000000000000000000e+00
1.120000000000000000e+02 0.000000000000000000e+00
1.130000000000000000e+02 0.000000000000000000e+00
1.140000000000000000e+02 0.000000000000000000e+00
1.150000000000000000e+02 0.000000000000000000e+00
1.160000000000000000e+02 0.000000000000000000e+00
1.170000000000000000e+02 0.000000000000000000e+00
1.180000000000000000e+02 0.000000000000000000e+00
1.190000000000000000e+02 0.000000000000000000e+00
1.200000000000000000e+02 0.000000000000000000e+00
1.210000000000000000e+02 0.000000000000000000e+00
1.220000000000000000e+02 7.812500000000000374e-07
1.230000000000000000e+02 0.000000000000000000e+00
1.240000000000000000e+02 1.562500000000000075e-06
1.250000000000000000e+02 7.812500000000000374e-07
1.260000000000000000e+02 4.687499999999999589e-06
1.270000000000000000e+02 3.125000000000000150e-06
1.280000000000000000e+02 4.687499999999999589e-06
1.290000000000000000e+02 7.031249999999999808e-06
1.300000000000000000e+02 1.171875000000000024e-05
1.310000000000000000e+02 1.250000000000000060e-05
1.320000000000000000e+02 2.656249999999999852e-05
1.330000000000000000e+02 3.046874999999999860e-05
1.340000000000000000e+02 4.296874999999999751e-05
1.350000000000000000e+02 6.718750000000000004e-05
1.360000000000000000e+02 8.515624999999999974e-05
1.370000000000000000e+02 1.210937499999999991e-04
1.380000000000000000e+02 1.757812499999999935e-04
1.390000000000000000e+02 2.289062499999999973e-04
1.400000000000000000e+02 3.476562499999999835e-04
1.410000000000000000e+02 4.570312500000000265e-04
1.420000000000000000e+02 6.328125000000000199e-04
1.430000000000000000e+02 8.421875000000000541e-04
1.440000000000000000e+02 1.145312500000000063e-03
1.450000000000000000e+02 1.514062500000000000e-03
1.460000000000000000e+02 1.997656249999999866e-03
1.470000000000000000e+02 2.614843749999999981e-03
1.480000000000000000e+02 3.400781250000000158e-03
1.490000000000000000e+02 4.289062500000000340e-03
1.500000000000000000e+02 5.349218749999999807e-03
1.510000000000000000e+02 6.660156250000000278e-03
1.520000000000000000e+02 8.314843750000000186e-03
1.530000000000000000e+02 1.015937500000000000e-02
1.540000000000000000e+02 1.233515624999999977e-02
1.550000000000000000e+02 1.468124999999999986e-02
1.560000000000000000e+02 1.739609375000000097e-02
1.570000000000000000e+02 2.031484374999999870e-02
1.580000000000000000e+02 2.370546874999999998e-02
1.590000000000000000e+02 2.717890624999999907e-02
1.600000000000000000e+02 3.135625000000000218e-02
1.610000000000000000e+02 3.530546874999999918e-02
1.620000000000000000e+02 3.900546875000000108e-02
1.630000000000000000e+02 4.329374999999999890e-02
1.640000000000000000e+02 4.680546875000000245e-02
1.650000000000000000e+02 5.030937500000000340e-02
1.660000000000000000e+02 5.302890625000000052e-02
1.670000000000000000e+02 5.562109375000000300e-02
1.680000000000000000e+02 5.686953125000000081e-02
1.690000000000000000e+02 5.723124999999999740e-02
1.700000000000000000e+02 5.725703124999999977e-02
1.710000000000000000e+02 5.544999999999999929e-02
1.720000000000000000e+02 5.302812500000000234e-02
1.730000000000000000e+02 4.876015624999999881e-02
1.740000000000000000e+02 4.380468750000000161e-02
1.750000000000000000e+02 3.779375000000000095e-02
1.760000000000000000e+02 3.042656250000000048e-02
1.770000000000000000e+02 2.218984375000000037e-02
1.780000000000000000e+02 1.365703124999999990e-02
1.790000000000000000e+02 4.644531250000000222e-03
