5.000000000000000104e-03 0.000000000000000000e+00
1.499999999999999944e-02 0.000000000000000000e+00
2.500000000000000139e-02 0.000000000000000000e+00
3.500000000000000333e-02 0.000000000000000000e+00
4.499999999999999833e-02 0.000000000000000000e+00
5.500000000000000028e-02 0.000000000000000000e+00
6.500000000000000222e-02 0.000000000000000000e+00
7.500000000000001110e-02 0.000000000000000000e+00
8.499999999999999223e-02 0.000000000000000000e+00
9.500000000000000111e-02 0.000000000000000000e+00
1.050000000000000100e-01 0.000000000000000000e+00
1.149999999999999911e-01 0.000000000000000000e+00
1.250000000000000000e-01 0.000000000000000000e+00
1.350000000000000089e-01 0.000000000000000000e+00
1.450000000000000178e-01 0.000000000000000000e+00
1.549999999999999989e-01 0.000000000000000000e+00
1.650000000000000078e-01 0.000000000000000000e+00
1.749999999999999889e-01 0.000000000000000000e+00
1.849999999999999978e-01 0.000000000000000000e+00
1.950000000000000067e-01 0.000000000000000000e+00
2.050000000000000155e-01 0.000000000000000000e+00
2.149999999999999967e-01 0.000000000000000000e+00
2.250000000000000056e-01 0.000000000000000000e+00
2.349999999999999867e-01 0.000000000000000000e+00
2.449999999999999956e-01 0.000000000000000000e+00
2.550000000000000044e-01 0.000000000000000000e+00
2.650000000000000133e-01 0.000000000000000000e+00
2.750000000000000222e-01 0.000000000000000000e+00
2.850000000000000311e-01 0.000000000000000000e+00
2.949999999999999845e-01 0.000000000000000000e+00
3.049999999999999933e-01 0.000000000000000000e+00
3.150000000000000022e-01 0.000000000000000000e+00
3.250000000000000111e-01 0.000000000000000000e+00
3.350000000000000200e-01 0.000000000000000000e+00
3.450000000000000289e-01 0.000000000000000000e+00
3.549999999999999822e-01 0.000000000000000000e+00
3.649999999999999911e-01 0.000000000000000000e+00
3.750000000000000000e-01 0.000000000000000000e+00
3.850000000000000089e-01 0.000000000000000000e+00
3.950000000000000178e-01 0.000000000000000000e+00
4.050000000000000266e-01 0.000000000000000000e+00
4.150000000000000355e-01 0.000000000000000000e+00
4.249999999999999889e-01 0.000000000000000000e+00
4.349999999999999978e-01 0.000000000000000000e+00
4.450000000000000067e-01 0.000000000000000000e+00
4.550000000000000155e-01 0.000000000000000000e+00
4.650000000000000244e-01 0.000000000000000000e+00
4.749999999999999778e-01 0.000000000000000000e+00
4.849999999999999867e-01 0.000000000000000000e+00
4.949999999999999956e-01 0.000000000000000000e+00
5.050000000000000044e-01 0.000000000000000000e+00
5.150000000000000133e-01 0.000000000000000000e+00
5.250000000000000222e-01 0.000000000000000000e+00
5.350000000000000311e-01 0.000000000000000000e+00
5.450000000000000400e-01 0.000000000000000000e+00
5.550000000000000488e-01 0.000000000000000000e+00
5.650000000000000577e-01 0.000000000000000000e+00
5.749999999999999556e-01 0.000000000000000000e+00
5.849999999999999645e-01 0.000000000000000000e+00
5.949999999999999734e-01 0.000000000000000000e+00
6.049999999999999822e-01 0.000000000000000000e+00
6.149999999999999911e-01 0.000000000000000000e+00
6.250000000000000000e-01 0.000000000000000000e+00
6.350000000000000089e-01 0.000000000000000000e+00
6.450000000000000178e-01 0.000000000000000000e+00
6.550000000000000266e-01 0.000000000000000000e+00
6.650000000000000355e-01 0.000000000000000000e+00
6.750000000000000444e-01 0.000000000000000000e+00
6.850000000000000533e-01 0.000000000000000000e+00
6.950000000000000622e-01 0.000000000000000000e+00
7.050000000000000711e-01 0.000000000000000000e+00
7.149999999999999689e-01 0.000000000000000000e+00
7.249999999999999778e-01 0.000000000000000000e+00
7.349999999999999867e-01 0.000000000000000000e+00
7.449999999999999956e-01 0.000000000000000000e+00
7.550000000000000044e-01 0.000000000000000000e+00
7.650000000000000133e-01 0.000000000000000000e+00
7.750000000000000222e-01 0.000000000000000000e+00
7.850000000000000311e-01 0.000000000000000000e+00
7.950000000000000400e-01 0.000000000000000000e+00
8.050000000000000488e-01 0.000000000000000000e+00
8.150000000000000577e-01 0.000000000000000000e+00
8.250000000000000666e-01 0.000000000000000000e+00
8.349999999999999645e-01 0.000000000000000000e+00
8.449999999999999734e-01 0.000000000000000000e+00
8.549999999999999822e-01 0.000000000000000000e+00
8.649999999999999911e-01 0.000000000000000000e+00
8.750000000000000000e-01 0.000000000000000000e+00
8.850000000000000089e-01 0.000000000000000000e+00
8.950000000000000178e-01 0.000000000000000000e+00
9.050000000000000266e-01 0.000000000000000000e+00
9.150000000000000355e-01 0.000000000000000000e+00
9.250000000000000444e-01 0.000000000000000000e+00
9.350000000000000533e-01 0.000000000000000000e+00
9.450000000000000622e-01 0.000000000000000000e+00
9.550000000000000711e-01 0.000000000000000000e+00
9.649999999999999689e-01 0.000000000000000000e+00
9.749999999999999778e-01 0.000000000000000000e+00
9.849999999999999867e-01 0.000000000000000000e+00
9.949999999999999956e-01 0.000000000000000000e+00
1.004999999999999893e+00 0.000000000000000000e+00
1.015000000000000124e+00 0.000000000000000000e+00
1.024999999999999911e+00 0.000000000000000000e+00
1.035000000000000142e+00 0.000000000000000000e+00
1.044999999999999929e+00 0.000000000000000000e+00
1.055000000000000160e+00 0.000000000000000000e+00
1.064999999999999947e+00 0.000000000000000000e+00
1.075000000000000178e+00 0.000000000000000000e+00
1.084999999999999964e+00 0.000000000000000000e+00
1.095000000000000195e+00 0.000000000000000000e+00
1.104999999999999982e+00 0.000000000000000000e+00
1.115000000000000213e+00 0.000000000000000000e+00
1.125000000000000000e+00 0.000000000000000000e+00
1.135000000000000231e+00 0.000000000000000000e+00
1.145000000000000018e+00 0.000000000000000000e+00
1.155000000000000027e+00 0.000000000000000000e+00
1.165000000000000036e+00 0.000000000000000000e+00
1.174999999999999822e+00 0.000000000000000000e+00
1.185000000000000053e+00 0.000000000000000000e+00
1.194999999999999840e+00 0.000000000000000000e+00
1.205000000000000071e+00 0.000000000000000000e+00
1.214999999999999858e+00 0.000000000000000000e+00
1.225000000000000089e+00 0.000000000000000000e+00
1.234999999999999876e+00 0.000000000000000000e+00
1.245000000000000107e+00 0.000000000000000000e+00
1.254999999999999893e+00 0.000000000000000000e+00
1.265000000000000124e+00 0.000000000000000000e+00
1.274999999999999911e+00 0.000000000000000000e+00
1.285000000000000142e+00 0.000000000000000000e+00
1.294999999999999929e+00 0.000000000000000000e+00
1.305000000000000160e+00 0.000000000000000000e+00
1.314999999999999947e+00 0.000000000000000000e+00
1.325000000000000178e+00 0.000000000000000000e+00
1.334999999999999964e+00 0.000000000000000000e+00
1.345000000000000195e+00 0.000000000000000000e+00
1.354999999999999982e+00 0.000000000000000000e+00
1.365000000000000213e+00 0.000000000000000000e+00
1.375000000000000000e+00 0.000000000000000000e+00
1.385000000000000231e+00 0.000000000000000000e+00
1.395000000000000018e+00 0.000000000000000000e+00
1.405000000000000027e+00 0.000000000000000000e+00
1.415000000000000036e+00 0.000000000000000000e+00
1.424999999999999822e+00 0.000000000000000000e+00
1.435000000000000053e+00 0.000000000000000000e+00
1.444999999999999840e+00 0.000000000000000000e+00
1.455000000000000071e+00 0.000000000000000000e+00
1.464999999999999858e+00 0.000000000000000000e+00
1.475000000000000089e+00 0.000000000000000000e+00
1.484999999999999876e+00 0.000000000000000000e+00
1.495000000000000107e+00 0.000000000000000000e+00
1.504999999999999893e+00 0.000000000000000000e+00
1.515000000000000124e+00 0.000000000000000000e+00
1.524999999999999911e+00 0.000000000000000000e+00
1.535000000000000142e+00 0.000000000000000000e+00
1.544999999999999929e+00 0.000000000000000000e+00
1.555000000000000160e+00 0.000000000000000000e+00
1.564999999999999947e+00 0.000000000000000000e+00
1.575000000000000178e+00 0.000000000000000000e+00
1.584999999999999964e+00 0.000000000000000000e+00
1.595000000000000195e+00 0.000000000000000000e+00
1.604999999999999982e+00 0.000000000000000000e+00
1.615000000000000213e+00 0.000000000000000000e+00
1.625000000000000000e+00 0.000000000000000000e+00
1.635000000000000231e+00 0.000000000000000000e+00
1.645000000000000018e+00 0.000000000000000000e+00
1.655000000000000249e+00 0.000000000000000000e+00
1.665000000000000036e+00 0.000000000000000000e+00
1.674999999999999822e+00 0.000000000000000000e+00
1.685000000000000053e+00 0.000000000000000000e+00
1.694999999999999840e+00 0.000000000000000000e+00
1.705000000000000071e+00 0.000000000000000000e+00
1.714999999999999858e+00 0.000000000000000000e+00
1.725000000000000089e+00 0.000000000000000000e+00
1.734999999999999876e+00 0.000000000000000000e+00
1.745000000000000107e+00 0.000000000000000000e+00
1.754999999999999893e+00 0.000000000000000000e+00
1.765000000000000124e+00 0.000000000000000000e+00
1.774999999999999911e+00 0.000000000000000000e+00
1.785000000000000142e+00 0.000000000000000000e+00
1.794999999999999929e+00 0.000000000000000000e+00
1.805000000000000160e+00 0.000000000000000000e+00
1.814999999999999947e+00 0.000000000000000000e+00
1.825000000000000178e+00 0.000000000000000000e+00
1.834999999999999964e+00 0.000000000000000000e+00
1.845000000000000195e+00 0.000000000000000000e+00
1.854999999999999982e+00 0.000000000000000000e+00
1.865000000000000213e+00 0.000000000000000000e+00
1.875000000000000000e+00 0.000000000000000000e+00
1.885000000000000231e+00 0.000000000000000000e+00
1.895000000000000018e+00 0.000000000000000000e+00
1.905000000000000249e+00 0.000000000000000000e+00
1.915000000000000036e+00 0.000000000000000000e+00
1.924999999999999822e+00 0.000000000000000000e+00
1.935000000000000053e+00 0.000000000000000000e+00
1.944999999999999840e+00 0.000000000000000000e+00
1.955000000000000071e+00 0.000000000000000000e+00
1.964999999999999858e+00 0.000000000000000000e+00
1.975000000000000089e+00 0.000000000000000000e+00
1.984999999999999876e+00 0.000000000000000000e+00
1.995000000000000107e+00 0.000000000000000000e+00
2.004999999999999893e+00 0.000000000000000000e+00
2.015000000000000124e+00 0.000000000000000000e+00
2.025000000000000355e+00 0.000000000000000000e+00
2.035000000000000142e+00 0.000000000000000000e+00
2.044999999999999929e+00 0.000000000000000000e+00
2.054999999999999716e+00 0.000000000000000000e+00
2.064999999999999947e+00 0.000000000000000000e+00
2.075000000000000178e+00 0.000000000000000000e+00
2.084999999999999964e+00 0.000000000000000000e+00
2.094999999999999751e+00 0.000000000000000000e+00
2.104999999999999982e+00 0.000000000000000000e+00
2.115000000000000213e+00 0.000000000000000000e+00
2.125000000000000000e+00 0.000000000000000000e+00
2.134999999999999787e+00 0.000000000000000000e+00
2.145000000000000018e+00 0.000000000000000000e+00
2.155000000000000249e+00 0.000000000000000000e+00
2.165000000000000036e+00 0.000000000000000000e+00
2.174999999999999822e+00 0.000000000000000000e+00
2.185000000000000053e+00 0.000000000000000000e+00
2.195000000000000284e+00 0.000000000000000000e+00
2.205000000000000071e+00 0.000000000000000000e+00
2.214999999999999858e+00 0.000000000000000000e+00
2.225000000000000089e+00 2.303353431342242640e-04
2.235000000000000320e+00 0.000000000000000000e+00
2.245000000000000107e+00 2.262496599027270891e-04
2.254999999999999893e+00 0.000000000000000000e+00
2.265000000000000124e+00 0.000000000000000000e+00
2.275000000000000355e+00 0.000000000000000000e+00
2.285000000000000142e+00 0.000000000000000000e+00
2.294999999999999929e+00 2.164986920337870187e-04
2.305000000000000160e+00 2.146242562437780785e-04
2.314999999999999947e+00 0.000000000000000000e+00
2.325000000000000178e+00 0.000000000000000000e+00
2.334999999999999964e+00 0.000000000000000000e+00
2.344999999999999751e+00 0.000000000000000000e+00
2.354999999999999982e+00 0.000000000000000000e+00
2.365000000000000213e+00 0.000000000000000000e+00
2.375000000000000000e+00 0.000000000000000000e+00
2.384999999999999787e+00 0.000000000000000000e+00
2.395000000000000018e+00 0.000000000000000000e+00
2.405000000000000249e+00 1.971471742725700634e-04
2.415000000000000036e+00 0.000000000000000000e+00
2.424999999999999822e+00 0.000000000000000000e+00
2.435000000000000053e+00 0.000000000000000000e+00
2.445000000000000284e+00 1.907493257367287815e-04
2.455000000000000071e+00 0.000000000000000000e+00
2.464999999999999858e+00 0.000000000000000000e+00
2.475000000000000089e+00 0.000000000000000000e+00
2.485000000000000320e+00 0.000000000000000000e+00
2.495000000000000107e+00 0.000000000000000000e+00
2.504999999999999893e+00 0.000000000000000000e+00
2.515000000000000124e+00 0.000000000000000000e+00
2.525000000000000355e+00 0.000000000000000000e+00
2.535000000000000142e+00 0.000000000000000000e+00
2.544999999999999929e+00 0.000000000000000000e+00
2.555000000000000160e+00 1.746783095825280669e-04
2.564999999999999947e+00 1.733189521927724073e-04
2.575000000000000178e+00 0.000000000000000000e+00
2.584999999999999964e+00 1.706474124267444025e-04
2.594999999999999751e+00 1.693347465211596020e-04
2.604999999999999982e+00 1.680371686304328366e-04
2.615000000000000213e+00 0.000000000000000000e+00
2.625000000000000000e+00 0.000000000000000000e+00
2.634999999999999787e+00 0.000000000000000000e+00
2.645000000000000018e+00 1.629931953199775341e-04
2.655000000000000249e+00 0.000000000000000000e+00
2.665000000000000036e+00 0.000000000000000000e+00
2.674999999999999822e+00 1.593577779136756949e-04
2.685000000000000053e+00 4.745189015977526728e-04
2.695000000000000284e+00 3.140026419351942574e-04
2.705000000000000071e+00 1.090898514373602173e-03
2.714999999999999858e+00 3.093934965831240513e-04
2.725000000000000089e+00 3.071268877352964196e-04
2.735000000000000320e+00 7.622127390622959135e-04
2.745000000000000107e+00 7.566693982099685417e-04
2.754999999999999893e+00 1.502372621418021290e-03
2.765000000000000124e+00 1.491525212962871948e-04
2.775000000000000355e+00 1.184635889756270686e-03
2.785000000000000142e+00 1.323161901793268530e-03
2.794999999999999929e+00 1.605646515830113719e-03
2.805000000000000160e+00 2.173934284316199686e-03
2.814999999999999947e+00 2.590219650629241397e-03
2.825000000000000178e+00 2.571914287859835592e-03
2.834999999999999964e+00 2.128168575439681742e-03
2.844999999999999751e+00 2.394998670041555405e-03
2.854999999999999982e+00 2.098456320075096481e-03
2.865000000000000213e+00 2.917366186657949743e-03
2.875000000000000000e+00 2.207319452154249927e-03
2.884999999999999787e+00 2.877057679371271184e-03
2.895000000000000018e+00 2.585100173455490754e-03
2.905000000000000249e+00 3.242947240587661702e-03
2.915000000000000036e+00 4.696905733800968256e-03
2.924999999999999822e+00 3.998438630331369557e-03
2.935000000000000053e+00 3.441740009754197440e-03
2.945000000000000284e+00 5.784995224223096061e-03
2.955000000000000071e+00 5.354141142784815850e-03
2.964999999999999858e+00 5.707214734321812075e-03
2.975000000000000089e+00 4.509361359990545978e-03
2.985000000000000320e+00 7.934580236473219583e-03
2.995000000000000107e+00 1.004278992396614827e-02
3.004999999999999893e+00 9.849781420157780257e-03
3.015000000000000124e+00 1.066265207820462843e-02
3.025000000000000355e+00 1.171380645322670465e-02
3.035000000000000142e+00 1.176053734592348750e-02
3.044999999999999929e+00 1.451203666071165972e-02
3.055000000000000160e+00 1.356193022558468270e-02
3.065000000000000391e+00 1.687231990173455182e-02
3.075000000000000178e+00 1.700395055716447112e-02
3.084999999999999964e+00 2.048833833154876591e-02
3.094999999999999751e+00 2.214178367967825287e-02
3.104999999999999982e+00 2.448319574727161538e-02
3.115000000000000213e+00 2.456128898213573095e-02
3.125000000000000000e+00 2.662292549909736974e-02
3.134999999999999787e+00 3.260259770787302114e-02
3.145000000000000018e+00 3.620006300542576161e-02
3.155000000000000249e+00 3.642917810525816980e-02
3.165000000000000036e+00 4.337090949619726299e-02
3.174999999999999822e+00 4.830158704019235638e-02
3.185000000000000053e+00 4.811116603500693867e-02
3.195000000000000284e+00 5.306068763751944917e-02
3.205000000000000071e+00 6.072286444534840538e-02
3.214999999999999858e+00 6.332437783805687503e-02
3.225000000000000089e+00 7.586957518693103475e-02
3.235000000000000320e+00 8.444503703018964302e-02
3.245000000000000107e+00 9.020624382591670154e-02
3.254999999999999893e+00 9.266637363420231199e-02
3.265000000000000124e+00 1.021546181282429050e-01
3.275000000000000355e+00 1.134391117241154295e-01
3.285000000000000142e+00 1.298679973630575968e-01
3.294999999999999929e+00 1.431548375373663251e-01
3.305000000000000160e+00 1.495974791099646539e-01
3.315000000000000391e+00 1.587615680961489417e-01
3.325000000000000178e+00 1.647185965484958547e-01
3.334999999999999964e+00 1.873129869266126069e-01
3.344999999999999751e+00 1.919018211258863571e-01
3.354999999999999982e+00 2.104129522110529116e-01
3.365000000000000213e+00 2.259819436488322564e-01
3.375000000000000000e+00 2.448668105277259088e-01
3.384999999999999787e+00 2.666099758293195010e-01
3.395000000000000018e+00 2.790901818978877569e-01
3.405000000000000249e+00 3.127619549989867909e-01
3.415000000000000036e+00 3.229595945128417300e-01
3.424999999999999822e+00 3.410039960699556283e-01
3.435000000000000053e+00 3.737160297302479783e-01
3.445000000000000284e+00 3.943210290101543114e-01
3.455000000000000071e+00 4.259537142209606220e-01
3.464999999999999858e+00 4.544608815614062380e-01
3.475000000000000089e+00 4.706406767830832449e-01
3.485000000000000320e+00 5.010864785126509791e-01
3.495000000000000107e+00 5.384581305600512069e-01
3.504999999999999893e+00 5.706618808145732524e-01
3.515000000000000124e+00 5.966764832614769309e-01
3.525000000000000355e+00 6.337666526854951465e-01
3.535000000000000142e+00 6.673256088087888838e-01
3.544999999999999929e+00 7.117478464623192558e-01
3.555000000000000160e+00 7.502467121363927127e-01
3.565000000000000391e+00 7.821121572151821244e-01
3.575000000000000178e+00 8.172679012121956132e-01
3.584999999999999964e+00 8.438571293164257581e-01
3.594999999999999751e+00 8.997840325523753791e-01
3.604999999999999982e+00 9.198934774604825559e-01
3.615000000000000213e+00 9.825232907061195453e-01
3.625000000000000000e+00 9.940314841312494210e-01
3.634999999999999787e+00 1.036293845114938161e+00
3.645000000000000018e+00 1.067349668318300582e+00
3.655000000000000249e+00 1.106757127652067352e+00
3.665000000000000036e+00 1.150133635150151434e+00
3.674999999999999822e+00 1.192262383675387172e+00
3.685000000000000053e+00 1.221657274177222918e+00
3.695000000000000284e+00 1.287131780869555264e+00
3.705000000000000071e+00 1.314833307417717645e+00
3.714999999999999858e+00 1.333212357851301988e+00
3.725000000000000089e+00 1.384987167813658937e+00
3.735000000000000320e+00 1.388452388157381368e+00
3.745000000000000107e+00 1.442432627860571470e+00
3.754999999999999893e+00 1.474145069977760736e+00
3.765000000000000124e+00 1.518934759645358623e+00
3.775000000000000355e+00 1.537944138562242546e+00
3.785000000000000142e+00 1.564611655479112073e+00
3.794999999999999929e+00 1.603645380964857647e+00
3.805000000000000160e+00 1.614129978297148549e+00
3.815000000000000391e+00 1.649084256717201269e+00
3.825000000000000178e+00 1.671570773909635932e+00
3.834999999999999964e+00 1.678061295869679892e+00
3.844999999999999751e+00 1.708758004956393739e+00
3.854999999999999982e+00 1.719317365431110911e+00
3.865000000000000213e+00 1.741347584949570981e+00
3.875000000000000000e+00 1.763051847702110431e+00
3.884999999999999787e+00 1.763506734387999098e+00
3.895000000000000018e+00 1.778816058353874352e+00
3.905000000000000249e+00 1.789085008087491602e+00
3.915000000000000036e+00 1.817304522229427510e+00
3.924999999999999822e+00 1.820491324318278092e+00
3.935000000000000053e+00 1.826568021305321921e+00
3.945000000000000284e+00 1.827943767566233335e+00
3.955000000000000071e+00 1.818055647090534466e+00
3.964999999999999858e+00 1.810129754411522018e+00
3.975000000000000089e+00 1.840148896431631931e+00
3.985000000000000320e+00 1.827262974350542857e+00
3.995000000000000107e+00 1.819412735078536736e+00
4.004999999999999893e+00 1.820291149528205255e+00
4.015000000000000568e+00 1.828424218274299573e+00
4.025000000000000355e+00 1.825192250586256559e+00
4.035000000000000142e+00 1.824841382033381976e+00
4.044999999999999929e+00 1.815272300544635620e+00
4.054999999999999716e+00 1.778382494840307748e+00
4.065000000000000391e+00 1.774060050090656482e+00
4.075000000000000178e+00 1.782943168296275083e+00
4.084999999999999964e+00 1.765956220130256327e+00
4.094999999999999751e+00 1.750541747725923303e+00
4.105000000000000426e+00 1.728895374672822616e+00
4.115000000000000213e+00 1.728179602604101639e+00
4.125000000000000000e+00 1.741456615491168147e+00
4.134999999999999787e+00 1.698631014203191514e+00
4.144999999999999574e+00 1.654538666205595643e+00
4.155000000000000249e+00 1.660124613793650061e+00
4.165000000000000036e+00 1.616337283024803728e+00
4.174999999999999822e+00 1.600295331814120647e+00
4.185000000000000497e+00 1.588164295998817810e+00
4.195000000000000284e+00 1.561421609242463315e+00
4.205000000000000071e+00 1.540719102423584008e+00
4.214999999999999858e+00 1.535727749615810822e+00
4.224999999999999645e+00 1.488477500598005543e+00
4.235000000000000320e+00 1.473890481563140176e+00
4.245000000000000107e+00 1.428860042050555057e+00
4.254999999999999893e+00 1.413460163870550623e+00
4.265000000000000568e+00 1.405335246332828580e+00
4.275000000000000355e+00 1.365948567786350765e+00
4.285000000000000142e+00 1.344675563466420032e+00
4.294999999999999929e+00 1.326120058261606172e+00
4.304999999999999716e+00 1.291601838819912418e+00
4.315000000000000391e+00 1.254143085208183184e+00
4.325000000000000178e+00 1.219272101120814744e+00
4.334999999999999964e+00 1.213653345644346349e+00
4.345000000000000639e+00 1.178477023097221688e+00
4.355000000000000426e+00 1.145835192830807037e+00
4.365000000000000213e+00 1.121798702506105805e+00
4.375000000000000000e+00 1.090820734043106421e+00
4.384999999999999787e+00 1.069542648230960458e+00
4.394999999999999574e+00 1.036344701702192728e+00
4.405000000000000249e+00 1.021243075138634770e+00
4.415000000000000036e+00 9.909403444341872147e-01
4.424999999999999822e+00 9.754598988991752817e-01
4.435000000000000497e+00 9.592972033506336205e-01
4.445000000000000284e+00 9.271101280663206490e-01
4.455000000000000071e+00 8.988791610629593976e-01
4.464999999999999858e+00 8.954293136549454912e-01
4.474999999999999645e+00 8.623343474435555267e-01
4.485000000000000320e+00 8.366680828476334986e-01
4.495000000000000107e+00 8.169215354262177042e-01
4.504999999999999893e+00 8.052641674562076579e-01
4.515000000000000568e+00 7.887794175110510730e-01
4.525000000000000355e+00 7.700933459235317358e-01
4.535000000000000142e+00 7.502889911105289356e-01
4.544999999999999929e+00 7.260695332161395399e-01
4.554999999999999716e+00 7.041437628351545630e-01
4.565000000000000391e+00 6.964110452281775387e-01
4.575000000000000178e+00 6.876495291045465752e-01
4.584999999999999964e+00 6.638782284582313009e-01
4.595000000000000639e+00 6.534848314250497614e-01
4.605000000000000426e+00 6.434979905940809708e-01
4.615000000000000213e+00 6.323600609770955172e-01
4.625000000000000000e+00 6.289354758210153884e-01
4.634999999999999787e+00 6.057361060255960217e-01
4.644999999999999574e+00 6.001711611106024247e-01
4.655000000000000249e+00 6.004896295179359411e-01
4.665000000000000036e+00 5.721379391751940657e-01
4.674999999999999822e+00 5.730842487585073863e-01
4.685000000000000497e+00 5.544833349198637906e-01
4.695000000000000284e+00 5.600903926583257197e-01
4.705000000000000071e+00 5.596180086160387201e-01
4.714999999999999858e+00 5.505786642404051356e-01
4.724999999999999645e+00 5.397720103068361919e-01
4.735000000000000320e+00 5.255422609144683177e-01
4.745000000000000107e+00 5.258617756554472278e-01
4.754999999999999893e+00 5.149776930271470210e-01
4.765000000000000568e+00 5.181420093893731593e-01
4.775000000000000355e+00 5.227756896608657389e-01
4.785000000000000142e+00 5.111303041824988291e-01
4.794999999999999929e+00 5.101908943023201193e-01
4.804999999999999716e+00 5.099463215262279858e-01
4.815000000000000391e+00 5.162901054287155622e-01
4.825000000000000178e+00 5.156216875590802218e-01
4.834999999999999964e+00 5.088570671960951364e-01
4.845000000000000639e+00 5.084588970134059638e-01
4.855000000000000426e+00 5.003676761946114215e-01
4.865000000000000213e+00 5.133445501229836339e-01
4.875000000000000000e+00 5.132079149992218037e-01
4.884999999999999787e+00 5.078595245696642113e-01
4.894999999999999574e+00 5.091179321686198911e-01
4.905000000000000249e+00 5.070441349108508744e-01
4.915000000000000036e+00 5.081928203519002762e-01
4.924999999999999822e+00 5.150634689729602922e-01
4.935000000000000497e+00 5.055335494124564288e-01
4.945000000000000284e+00 5.155221747703477853e-01
4.955000000000000071e+00 5.196205717706255944e-01
4.964999999999999858e+00 5.097582765879377087e-01
4.974999999999999645e+00 5.175704190814552907e-01
4.985000000000000320e+00 5.271513217341113888e-01
4.995000000000000107e+00 5.212493221804473942e-01
5.004999999999999893e+00 5.224460107024840871e-01
5.015000000000000568e+00 5.342838650413738177e-01
5.025000000000000355e+00 5.358173977441968994e-01
5.035000000000000142e+00 5.412928100375689056e-01
5.044999999999999929e+00 5.378498165798971664e-01
5.054999999999999716e+00 5.524137058520308674e-01
5.065000000000000391e+00 5.546794650727376874e-01
5.075000000000000178e+00 5.567459978967852496e-01
5.084999999999999964e+00 5.585274000484258261e-01
5.095000000000000639e+00 5.601148324968745484e-01
5.105000000000000426e+00 5.778749780189820218e-01
5.115000000000000213e+00 5.730897682110964730e-01
5.125000000000000000e+00 5.842705421420485434e-01
5.134999999999999787e+00 5.879217439323167760e-01
5.144999999999999574e+00 5.964079295218258636e-01
5.155000000000000249e+00 5.967138160479971143e-01
5.165000000000000036e+00 6.030398435353054865e-01
5.174999999999999822e+00 6.108454269409260284e-01
5.185000000000000497e+00 6.215130289987718104e-01
5.195000000000000284e+00 6.141368286805611865e-01
5.205000000000000071e+00 6.190187941842426600e-01
5.214999999999999858e+00 6.325380983388707579e-01
5.224999999999999645e+00 6.342125281249855195e-01
5.235000000000000320e+00 6.329985351245914771e-01
5.245000000000000107e+00 6.461310687888693893e-01
5.254999999999999893e+00 6.537497762213024810e-01
5.265000000000000568e+00 6.632805338455731725e-01
5.275000000000000355e+00 6.723245858566734290e-01
5.285000000000000142e+00 6.740285682491421460e-01
5.294999999999999929e+00 6.716070814880096274e-01
5.304999999999999716e+00 6.830967976770307981e-01
5.315000000000000391e+00 6.951815906151560531e-01
5.325000000000000178e+00 7.058035821075395733e-01
5.334999999999999964e+00 7.072866996792432914e-01
5.345000000000000639e+00 7.119868255525240164e-01
5.355000000000000426e+00 7.227707710093337345e-01
5.365000000000000213e+00 7.405608879246009524e-01
5.375000000000000000e+00 7.288877150833448226e-01
5.384999999999999787e+00 7.440752207612409963e-01
5.394999999999999574e+00 7.613783437648569130e-01
5.405000000000000249e+00 7.622717566050347671e-01
5.415000000000000036e+00 7.789033379779221056e-01
5.424999999999999822e+00 7.811488638099325366e-01
5.435000000000000497e+00 7.868468832949909730e-01
5.445000000000000284e+00 8.127285264208737869e-01
5.455000000000000071e+00 8.121656967175721054e-01
5.464999999999999858e+00 8.246210691812562166e-01
5.474999999999999645e+00 8.338226971372298957e-01
5.485000000000000320e+00 8.450743409465926170e-01
5.495000000000000107e+00 8.511781644273437308e-01
5.504999999999999893e+00 8.658488215301953783e-01
5.515000000000000568e+00 8.771833230783688817e-01
5.525000000000000355e+00 8.861141140070881717e-01
5.535000000000000142e+00 8.935975258549631040e-01
5.544999999999999929e+00 9.163751308247203298e-01
5.554999999999999716e+00 9.341421957658123665e-01
5.565000000000000391e+00 9.420551127060244889e-01
5.575000000000000178e+00 9.568027574642795630e-01
5.584999999999999964e+00 9.607640829684542805e-01
5.595000000000000639e+00 9.780596367279535963e-01
5.605000000000000426e+00 9.889826813590525401e-01
5.615000000000000213e+00 1.000508965232192349e+00
5.625000000000000000e+00 1.022686813121558735e+00
5.634999999999999787e+00 1.026206653868287688e+00
5.644999999999999574e+00 1.041110369782756173e+00
5.655000000000000249e+00 1.055046551104668495e+00
5.665000000000000036e+00 1.065324714766611391e+00
5.674999999999999822e+00 1.097299268618717072e+00
5.685000000000000497e+00 1.095735700646495614e+00
5.695000000000000284e+00 1.124764475610801728e+00
5.705000000000000071e+00 1.145384826105724674e+00
5.714999999999999858e+00 1.160233077388669320e+00
5.724999999999999645e+00 1.172013429077333635e+00
5.735000000000000320e+00 1.194070975694955461e+00
5.745000000000000107e+00 1.202770085826000646e+00
5.754999999999999893e+00 1.216497139355432910e+00
5.765000000000000568e+00 1.236915203129152818e+00
5.775000000000000355e+00 1.250893447344888276e+00
5.785000000000000142e+00 1.271173516458964814e+00
5.794999999999999929e+00 1.274226490709030379e+00
5.804999999999999716e+00 1.298840147330855954e+00
5.815000000000000391e+00 1.323445714756935621e+00
5.825000000000000178e+00 1.340514879373969626e+00
5.834999999999999964e+00 1.346541005209080710e+00
5.845000000000000639e+00 1.376583168251831690e+00
5.855000000000000426e+00 1.391709959720085266e+00
5.865000000000000213e+00 1.411930238887768141e+00
5.875000000000000000e+00 1.425562613446650362e+00
5.884999999999999787e+00 1.445810993680581857e+00
5.894999999999999574e+00 1.458760531923594561e+00
5.905000000000000249e+00 1.478089234696899901e+00
5.915000000000000036e+00 1.500114508206442876e+00
5.924999999999999822e+00 1.524386470384942127e+00
5.935000000000000497e+00 1.534695669762588643e+00
5.945000000000000284e+00 1.566769630951905468e+00
5.955000000000000071e+00 1.578876087363092484e+00
5.964999999999999858e+00 1.595795959230614347e+00
5.974999999999999645e+00 1.618981964328913170e+00
5.985000000000000320e+00 1.620707197715026249e+00
5.995000000000000107e+00 1.641670823803873747e+00
6.004999999999999893e+00 1.662011599688800079e+00
6.015000000000000568e+00 1.693522882178283062e+00
6.025000000000000355e+00 1.685769823197197148e+00
6.035000000000000142e+00 1.707583026258483461e+00
6.044999999999999929e+00 1.728088186633405909e+00
6.054999999999999716e+00 1.738495938349490011e+00
6.065000000000000391e+00 1.757381668903395200e+00
6.075000000000000178e+00 1.766833468178363509e+00
6.084999999999999964e+00 1.780525191633801407e+00
6.095000000000000639e+00 1.792859108305614679e+00
6.105000000000000426e+00 1.810946362440652546e+00
6.115000000000000213e+00 1.814756140328338541e+00
6.125000000000000000e+00 1.832057394312691212e+00
6.134999999999999787e+00 1.853538393063751677e+00
6.145000000000000462e+00 1.858230903794560351e+00
6.155000000000000249e+00 1.875826117789020087e+00
6.165000000000000036e+00 1.882706659119186776e+00
6.174999999999999822e+00 1.879873434042997227e+00
6.185000000000000497e+00 1.897914706809652685e+00
6.195000000000000284e+00 1.903112854350814453e+00
6.205000000000000071e+00 1.898938378475010902e+00
6.214999999999999858e+00 1.903932570968266180e+00
6.224999999999999645e+00 1.921773820835278590e+00
6.235000000000000320e+00 1.911361089428715632e+00
6.245000000000000107e+00 1.942699367801539179e+00
6.254999999999999893e+00 1.923960241866959908e+00
6.265000000000000568e+00 1.926713187563598328e+00
6.275000000000000355e+00 1.932856068749207124e+00
6.285000000000000142e+00 1.931819832983785901e+00
6.294999999999999929e+00 1.927240978473727440e+00
6.304999999999999716e+00 1.933495581645774175e+00
6.315000000000000391e+00 1.949051163412141019e+00
6.325000000000000178e+00 1.924764719418329939e+00
6.334999999999999964e+00 1.930541430489737253e+00
6.345000000000000639e+00 1.926726927893094077e+00
6.355000000000000426e+00 1.934446797815553509e+00
6.365000000000000213e+00 1.922546860453860695e+00
6.375000000000000000e+00 1.910291136984677562e+00
6.384999999999999787e+00 1.905542839674682964e+00
6.395000000000000462e+00 1.896967017177711989e+00
6.405000000000000249e+00 1.879957626664462422e+00
6.415000000000000036e+00 1.870720512468911689e+00
6.424999999999999822e+00 1.854460197100196606e+00
6.435000000000000497e+00 1.852914242621310548e+00
6.445000000000000284e+00 1.840882248112996500e+00
6.455000000000000071e+00 1.833924040271426303e+00
6.464999999999999858e+00 1.819852026264759504e+00
6.474999999999999645e+00 1.808523561117516776e+00
6.485000000000000320e+00 1.798205269220218172e+00
6.495000000000000107e+00 1.776480734184024080e+00
6.504999999999999893e+00 1.762480522058120780e+00
6.515000000000000568e+00 1.753877168305939094e+00
6.525000000000000355e+00 1.739586660433585674e+00
6.535000000000000142e+00 1.725909365662086969e+00
6.544999999999999929e+00 1.718563086634569137e+00
6.554999999999999716e+00 1.701858950415583882e+00
6.565000000000000391e+00 1.682787974201075620e+00
6.575000000000000178e+00 1.667623383503224810e+00
6.584999999999999964e+00 1.667453596276460948e+00
6.595000000000000639e+00 1.647115894443019535e+00
6.605000000000000426e+00 1.627651628232052339e+00
6.615000000000000213e+00 1.611085780048660876e+00
6.625000000000000000e+00 1.600302215310131615e+00
6.634999999999999787e+00 1.572687950978170157e+00
6.645000000000000462e+00 1.553057351104249806e+00
6.655000000000000249e+00 1.549783851953353997e+00
6.665000000000000036e+00 1.522983868050380885e+00
6.674999999999999822e+00 1.507905376446374124e+00
6.685000000000000497e+00 1.517635561124998977e+00
6.695000000000000284e+00 1.486444005324656148e+00
6.705000000000000071e+00 1.470371239441517375e+00
6.714999999999999858e+00 1.463188074483572576e+00
6.724999999999999645e+00 1.442677836277485914e+00
6.735000000000000320e+00 1.428844118831192889e+00
6.745000000000000107e+00 1.399646364831504952e+00
6.754999999999999893e+00 1.395980216983073952e+00
6.765000000000000568e+00 1.391681786672482213e+00
6.775000000000000355e+00 1.371006305050945562e+00
6.785000000000000142e+00 1.359413225128365044e+00
6.794999999999999929e+00 1.342078630892887592e+00
6.804999999999999716e+00 1.334197241856363014e+00
6.815000000000000391e+00 1.314080223155152938e+00
6.825000000000000178e+00 1.319608198433596780e+00
6.834999999999999964e+00 1.307865695227224512e+00
6.845000000000000639e+00 1.296113116255368292e+00
6.855000000000000426e+00 1.288112000207333852e+00
6.865000000000000213e+00 1.287265538027456691e+00
6.875000000000000000e+00 1.268806950292334257e+00
6.884999999999999787e+00 1.273615485591203189e+00
6.895000000000000462e+00 1.258986361600534787e+00
6.905000000000000249e+00 1.255557656066431438e+00
6.915000000000000036e+00 1.253312015267368906e+00
6.924999999999999822e+00 1.246817775354301272e+00
6.935000000000000497e+00 1.245998692501496974e+00
6.945000000000000284e+00 1.246030251227906005e+00
6.955000000000000071e+00 1.244854220232546771e+00
6.964999999999999858e+00 1.233877792577496635e+00
6.974999999999999645e+00 1.243069522868309296e+00
6.985000000000000320e+00 1.228831995782986075e+00
6.995000000000000107e+00 1.236041268772127610e+00
7.004999999999999893e+00 1.225217925656086226e+00
7.015000000000000568e+00 1.230254621777411961e+00
7.025000000000000355e+00 1.231098577444820430e+00
7.035000000000000142e+00 1.231172427762108557e+00
7.044999999999999929e+00 1.239443044102251035e+00
7.054999999999999716e+00 1.221521415159414703e+00
7.065000000000000391e+00 1.236068010785894122e+00
7.075000000000000178e+00 1.222917249447394994e+00
7.084999999999999964e+00 1.242138630175345648e+00
7.095000000000000639e+00 1.239160658335142884e+00
7.105000000000000426e+00 1.242316083042311226e+00
7.115000000000000213e+00 1.242137659228566227e+00
7.125000000000000000e+00 1.239057723305191150e+00
7.134999999999999787e+00 1.258949384839964658e+00
7.145000000000000462e+00 1.253261201497475330e+00
7.155000000000000249e+00 1.265129667989429718e+00
7.165000000000000036e+00 1.256114337832122674e+00
7.174999999999999822e+00 1.267566792850381319e+00
7.185000000000000497e+00 1.267950557193987304e+00
7.195000000000000284e+00 1.262137643764385864e+00
7.205000000000000071e+00 1.285149674626294036e+00
7.214999999999999858e+00 1.282619253181051633e+00
7.224999999999999645e+00 1.287459562608063823e+00
7.235000000000000320e+00 1.293858485473020847e+00
7.245000000000000107e+00 1.294655794218866118e+00
7.254999999999999893e+00 1.295422129353374530e+00
7.265000000000000568e+00 1.307219389632245266e+00
7.275000000000000355e+00 1.312160122354717240e+00
7.285000000000000142e+00 1.308667665650105949e+00
7.294999999999999929e+00 1.315667442034347268e+00
7.304999999999999716e+00 1.314909861946564895e+00
7.315000000000000391e+00 1.329175371170641995e+00
7.325000000000000178e+00 1.333050764486744866e+00
7.334999999999999964e+00 1.328591894389955952e+00
7.345000000000000639e+00 1.332987498979930185e+00
7.355000000000000426e+00 1.327489196005231076e+00
7.365000000000000213e+00 1.342407241532827200e+00
7.375000000000000000e+00 1.350803259185770377e+00
7.384999999999999787e+00 1.353106388424052398e+00
7.395000000000000462e+00 1.348198234412965490e+00
7.405000000000000249e+00 1.361320616892987667e+00
7.415000000000000036e+00 1.361114793274468271e+00
7.424999999999999822e+00 1.364876410804224838e+00
7.435000000000000497e+00 1.366797606852278912e+00
7.445000000000000284e+00 1.372262644764114636e+00
7.455000000000000071e+00 1.376790687767879051e+00
7.464999999999999858e+00 1.368991512837936408e+00
7.474999999999999645e+00 1.384637008534300495e+00
7.485000000000000320e+00 1.385356410591474408e+00
7.495000000000000107e+00 1.389233714625889737e+00
7.504999999999999893e+00 1.381808928439057338e+00
7.515000000000000568e+00 1.381748141475953817e+00
7.525000000000000355e+00 1.391449545534390042e+00
7.535000000000000142e+00 1.399226784355233955e+00
7.544999999999999929e+00 1.406877806719262658e+00
7.554999999999999716e+00 1.396962725166525532e+00
7.565000000000000391e+00 1.392773809890851311e+00
7.575000000000000178e+00 1.401797576951559376e+00
7.584999999999999964e+00 1.402503883289750064e+00
7.595000000000000639e+00 1.403774887916013014e+00
7.605000000000000426e+00 1.411008365411021703e+00
7.615000000000000213e+00 1.410942853928763396e+00
7.625000000000000000e+00 1.413344056210761979e+00
7.634999999999999787e+00 1.409409466211150708e+00
7.645000000000000462e+00 1.414094701769115003e+00
7.655000000000000249e+00 1.420599310166109186e+00
7.665000000000000036e+00 1.421650148745914333e+00
7.674999999999999822e+00 1.434363673184537946e+00
7.685000000000000497e+00 1.416113720015391486e+00
7.695000000000000284e+00 1.421390327243585494e+00
7.705000000000000071e+00 1.432070575405236301e+00
7.714999999999999858e+00 1.422708949802867107e+00
7.724999999999999645e+00 1.424416514110493193e+00
7.735000000000000320e+00 1.423308821516635625e+00
7.745000000000000107e+00 1.427011586076104122e+00
7.754999999999999893e+00 1.430197548954998954e+00
7.765000000000000568e+00 1.428331774598747606e+00
7.775000000000000355e+00 1.427357441970990459e+00
7.785000000000000142e+00 1.422319360463718985e+00
7.794999999999999929e+00 1.425465952878937514e+00
7.804999999999999716e+00 1.432503966344277790e+00
7.815000000000000391e+00 1.419766258324466790e+00
7.825000000000000178e+00 1.427909597909177819e+00
7.834999999999999964e+00 1.427276223559919677e+00
7.845000000000000639e+00 1.426400568510370004e+00
7.855000000000000426e+00 1.433453155081116259e+00
7.865000000000000213e+00 1.419192240322902254e+00
7.875000000000000000e+00 1.417833493453281246e+00
7.884999999999999787e+00 1.413450840427928901e+00
7.895000000000000462e+00 1.413147174686091967e+00
7.905000000000000249e+00 1.417566777360990793e+00
7.915000000000000036e+00 1.410292056309067288e+00
7.925000000000000711e+00 1.402813486385479314e+00
7.935000000000000497e+00 1.403336676849272102e+00
7.945000000000000284e+00 1.395037161203489529e+00
7.955000000000000071e+00 1.393820511477207091e+00
7.964999999999999858e+00 1.389909439033919503e+00
7.974999999999999645e+00 1.380025249017486022e+00
7.985000000000000320e+00 1.378448719061637462e+00
7.995000000000000107e+00 1.370738942135806271e+00
