5.000000000000000104e-03 0.000000000000000000e+00
1.499999999999999944e-02 0.000000000000000000e+00
2.500000000000000139e-02 0.000000000000000000e+00
3.500000000000000333e-02 0.000000000000000000e+00
4.499999999999999833e-02 0.000000000000000000e+00
5.500000000000000028e-02 0.000000000000000000e+00
6.500000000000000222e-02 0.000000000000000000e+00
7.500000000000001110e-02 0.000000000000000000e+00
8.499999999999999223e-02 0.000000000000000000e+00
9.500000000000000111e-02 0.000000000000000000e+00
1.050000000000000100e-01 0.000000000000000000e+00
1.149999999999999911e-01 0.000000000000000000e+00
1.250000000000000000e-01 0.000000000000000000e+00
1.350000000000000089e-01 0.000000000000000000e+00
1.450000000000000178e-01 0.000000000000000000e+00
1.549999999999999989e-01 0.000000000000000000e+00
1.650000000000000078e-01 0.000000000000000000e+00
1.749999999999999889e-01 0.000000000000000000e+00
1.849999999999999978e-01 0.000000000000000000e+00
1.950000000000000067e-01 0.000000000000000000e+00
2.050000000000000155e-01 0.000000000000000000e+00
2.149999999999999967e-01 0.000000000000000000e+00
2.250000000000000056e-01 0.000000000000000000e+00
2.349999999999999867e-01 0.000000000000000000e+00
2.449999999999999956e-01 0.000000000000000000e+00
2.550000000000000044e-01 0.000000000000000000e+00
2.650000000000000133e-01 0.000000000000000000e+00
2.750000000000000222e-01 0.000000000000000000e+00
2.850000000000000311e-01 0.000000000000000000e+00
2.949999999999999845e-01 0.000000000000000000e+00
3.049999999999999933e-01 0.000000000000000000e+00
3.150000000000000022e-01 0.000000000000000000e+00
3.250000000000000111e-01 0.000000000000000000e+00
3.350000000000000200e-01 0.000000000000000000e+00
3.450000000000000289e-01 0.000000000000000000e+00
3.549999999999999822e-01 0.000000000000000000e+00
3.649999999999999911e-01 0.000000000000000000e+00
3.750000000000000000e-01 0.000000000000000000e+00
3.850000000000000089e-01 0.000000000000000000e+00
3.950000000000000178e-01 0.000000000000000000e+00
4.050000000000000266e-01 0.000000000000000000e+00
4.150000000000000355e-01 0.000000000000000000e+00
4.249999999999999889e-01 0.000000000000000000e+00
4.349999999999999978e-01 0.000000000000000000e+00
4.450000000000000067e-01 0.000000000000000000e+00
4.550000000000000155e-01 0.000000000000000000e+00
4.650000000000000244e-01 0.000000000000000000e+00
4.749999999999999778e-01 0.000000000000000000e+00
4.849999999999999867e-01 0.000000000000000000e+00
4.949999999999999956e-01 0.000000000000000000e+00
5.050000000000000044e-01 0.000000000000000000e+00
5.150000000000000133e-01 0.000000000000000000e+00
5.250000000000000222e-01 0.000000000000000000e+00
5.350000000000000311e-01 0.000000000000000000e+00
5.450000000000000400e-01 0.000000000000000000e+00
5.550000000000000488e-01 0.000000000000000000e+00
5.650000000000000577e-01 0.000000000000000000e+00
5.749999999999999556e-01 0.000000000000000000e+00
5.849999999999999645e-01 0.000000000000000000e+00
5.949999999999999734e-01 0.000000000000000000e+00
6.049999999999999822e-01 0.000000000000000000e+00
6.149999999999999911e-01 0.000000000000000000e+00
6.250000000000000000e-01 0.000000000000000000e+00
6.350000000000000089e-01 0.000000000000000000e+00
6.450000000000000178e-01 0.000000000000000000e+00
6.550000000000000266e-01 0.000000000000000000e+00
6.650000000000000355e-01 0.000000000000000000e+00
6.750000000000000444e-01 0.000000000000000000e+00
6.850000000000000533e-01 0.000000000000000000e+00
6.950000000000000622e-01 0.000000000000000000e+00
7.050000000000000711e-01 0.000000000000000000e+00
7.149999999999999689e-01 0.000000000000000000e+00
7.249999999999999778e-01 0.000000000000000000e+00
7.349999999999999867e-01 0.000000000000000000e+00
7.449999999999999956e-01 0.000000000000000000e+00
7.550000000000000044e-01 0.000000000000000000e+00
7.650000000000000133e-01 0.000000000000000000e+00
7.750000000000000222e-01 0.000000000000000000e+00
7.850000000000000311e-01 0.000000000000000000e+00
7.950000000000000400e-01 0.000000000000000000e+00
8.050000000000000488e-01 0.000000000000000000e+00
8.150000000000000577e-01 0.000000000000000000e+00
8.250000000000000666e-01 0.000000000000000000e+00
8.349999999999999645e-01 0.000000000000000000e+00
8.449999999999999734e-01 0.000000000000000000e+00
8.549999999999999822e-01 0.000000000000000000e+00
8.649999999999999911e-01 0.000000000000000000e+00
8.750000000000000000e-01 0.000000000000000000e+00
8.850000000000000089e-01 0.000000000000000000e+00
8.950000000000000178e-01 0.000000000000000000e+00
9.050000000000000266e-01 0.000000000000000000e+00
9.150000000000000355e-01 0.000000000000000000e+00
9.250000000000000444e-01 0.000000000000000000e+00
9.350000000000000533e-01 0.000000000000000000e+00
9.450000000000000622e-01 0.000000000000000000e+00
9.550000000000000711e-01 0.000000000000000000e+00
9.649999999999999689e-01 0.000000000000000000e+00
9.749999999999999778e-01 0.000000000000000000e+00
9.849999999999999867e-01 0.000000000000000000e+00
9.949999999999999956e-01 0.000000000000000000e+00
1.004999999999999893e+00 0.000000000000000000e+00
1.015000000000000124e+00 0.000000000000000000e+00
1.024999999999999911e+00 0.000000000000000000e+00
1.035000000000000142e+00 0.000000000000000000e+00
1.044999999999999929e+00 0.000000000000000000e+00
1.055000000000000160e+00 0.000000000000000000e+00
1.064999999999999947e+00 0.000000000000000000e+00
1.075000000000000178e+00 0.000000000000000000e+00
1.084999999999999964e+00 0.000000000000000000e+00
1.095000000000000195e+00 0.000000000000000000e+00
1.104999999999999982e+00 0.000000000000000000e+00
1.115000000000000213e+00 0.000000000000000000e+00
1.125000000000000000e+00 0.000000000000000000e+00
1.135000000000000231e+00 0.000000000000000000e+00
1.145000000000000018e+00 0.000000000000000000e+00
1.155000000000000027e+00 0.000000000000000000e+00
1.165000000000000036e+00 0.000000000000000000e+00
1.174999999999999822e+00 0.000000000000000000e+00
1.185000000000000053e+00 0.000000000000000000e+00
1.194999999999999840e+00 0.000000000000000000e+00
1.205000000000000071e+00 0.000000000000000000e+00
1.214999999999999858e+00 0.000000000000000000e+00
1.225000000000000089e+00 0.000000000000000000e+00
1.234999999999999876e+00 0.000000000000000000e+00
1.245000000000000107e+00 0.000000000000000000e+00
1.254999999999999893e+00 0.000000000000000000e+00
1.265000000000000124e+00 0.000000000000000000e+00
1.274999999999999911e+00 0.000000000000000000e+00
1.285000000000000142e+00 0.000000000000000000e+00
1.294999999999999929e+00 0.000000000000000000e+00
1.305000000000000160e+00 0.000000000000000000e+00
1.314999999999999947e+00 0.000000000000000000e+00
1.325000000000000178e+00 0.000000000000000000e+00
1.334999999999999964e+00 0.000000000000000000e+00
1.345000000000000195e+00 0.000000000000000000e+00
1.354999999999999982e+00 0.000000000000000000e+00
1.365000000000000213e+00 0.000000000000000000e+00
1.375000000000000000e+00 0.000000000000000000e+00
1.385000000000000231e+00 0.000000000000000000e+00
1.395000000000000018e+00 0.000000000000000000e+00
1.405000000000000027e+00 0.000000000000000000e+00
1.415000000000000036e+00 0.000000000000000000e+00
1.424999999999999822e+00 0.000000000000000000e+00
1.435000000000000053e+00 0.000000000000000000e+00
1.444999999999999840e+00 0.000000000000000000e+00
1.455000000000000071e+00 0.000000000000000000e+00
1.464999999999999858e+00 0.000000000000000000e+00
1.475000000000000089e+00 0.000000000000000000e+00
1.484999999999999876e+00 0.000000000000000000e+00
1.495000000000000107e+00 0.000000000000000000e+00
1.504999999999999893e+00 0.000000000000000000e+00
1.515000000000000124e+00 0.000000000000000000e+00
1.524999999999999911e+00 0.000000000000000000e+00
1.535000000000000142e+00 0.000000000000000000e+00
1.544999999999999929e+00 0.000000000000000000e+00
1.555000000000000160e+00 0.000000000000000000e+00
1.564999999999999947e+00 0.000000000000000000e+00
1.575000000000000178e+00 0.000000000000000000e+00
1.584999999999999964e+00 0.000000000000000000e+00
1.595000000000000195e+00 0.000000000000000000e+00
1.604999999999999982e+00 0.000000000000000000e+00
1.615000000000000213e+00 0.000000000000000000e+00
1.625000000000000000e+00 0.000000000000000000e+00
1.635000000000000231e+00 0.000000000000000000e+00
1.645000000000000018e+00 0.000000000000000000e+00
1.655000000000000249e+00 0.000000000000000000e+00
1.665000000000000036e+00 0.000000000000000000e+00
1.674999999999999822e+00 0.000000000000000000e+00
1.685000000000000053e+00 0.000000000000000000e+00
1.694999999999999840e+00 0.000000000000000000e+00
1.705000000000000071e+00 3.138060549880316761e-04
1.714999999999999858e+00 0.000000000000000000e+00
1.725000000000000089e+00 3.065715966523795241e-04
1.734999999999999876e+00 9.091434726508855046e-04
1.745000000000000107e+00 1.198337833699076845e-03
1.754999999999999893e+00 3.257981390647008736e-03
1.765000000000000124e+00 7.028003859287838481e-03
1.774999999999999911e+00 1.302944692358419185e-02
1.785000000000000142e+00 3.092128328170784882e-02
1.794999999999999929e+00 6.087230703422946698e-02
1.805000000000000160e+00 1.072394508648155526e-01
1.814999999999999947e+00 1.858144540166915271e-01
1.825000000000000178e+00 3.160751228519269040e-01
1.834999999999999964e+00 5.412944855162939994e-01
1.845000000000000195e+00 8.599778068737049530e-01
1.854999999999999982e+00 1.278084543137105289e+00
1.865000000000000213e+00 1.872887327392330103e+00
1.875000000000000000e+00 2.669294533520578661e+00
1.885000000000000231e+00 3.674926149688871213e+00
1.895000000000000018e+00 4.944010251326945493e+00
1.905000000000000249e+00 6.397217184896557995e+00
1.915000000000000036e+00 8.080575438913765396e+00
1.924999999999999822e+00 9.989156595476854861e+00
1.935000000000000053e+00 1.195662844824584070e+01
1.944999999999999840e+00 1.402114684204456729e+01
1.955000000000000071e+00 1.615818956705394527e+01
1.964999999999999858e+00 1.835128779014276645e+01
1.975000000000000089e+00 2.014236588004344242e+01
1.984999999999999876e+00 2.192869256750981677e+01
1.995000000000000107e+00 2.352723456897075494e+01
2.004999999999999893e+00 2.454848184412875156e+01
2.015000000000000124e+00 2.522593488302544529e+01
2.025000000000000355e+00 2.575291619224653061e+01
2.035000000000000142e+00 2.580597163036861375e+01
2.044999999999999929e+00 2.543248915439366797e+01
2.054999999999999716e+00 2.467577491476056650e+01
2.064999999999999947e+00 2.384649063159784532e+01
2.075000000000000178e+00 2.263898457747196602e+01
2.084999999999999964e+00 2.145454064612793132e+01
2.094999999999999751e+00 2.012285450886573202e+01
2.104999999999999982e+00 1.860380422362101172e+01
2.115000000000000213e+00 1.704154629530813025e+01
2.125000000000000000e+00 1.537265150525596447e+01
2.134999999999999787e+00 1.385668334467852603e+01
2.145000000000000018e+00 1.232086439768719544e+01
2.155000000000000249e+00 1.086887319126346263e+01
2.165000000000000036e+00 9.494696054860304102e+00
2.174999999999999822e+00 8.201774949033568518e+00
2.185000000000000053e+00 6.969521957804468926e+00
2.195000000000000284e+00 5.971393338595241573e+00
2.205000000000000071e+00 5.013933972209968282e+00
2.214999999999999858e+00 4.191365916550394033e+00
2.225000000000000089e+00 3.551955259404246057e+00
2.235000000000000320e+00 2.883435068593275918e+00
2.245000000000000107e+00 2.379784422720844894e+00
2.254999999999999893e+00 2.019662356598432407e+00
2.265000000000000124e+00 1.654946377302888738e+00
2.275000000000000355e+00 1.380625708516225236e+00
2.285000000000000142e+00 1.152092028365832022e+00
2.294999999999999929e+00 9.659305643779441120e-01
2.305000000000000160e+00 7.656076468728050255e-01
2.314999999999999947e+00 6.265770479011883998e-01
2.325000000000000178e+00 5.131935235402919071e-01
2.334999999999999964e+00 4.448926537253397595e-01
2.344999999999999751e+00 3.525201229659545299e-01
2.354999999999999982e+00 2.957457706774677120e-01
2.365000000000000213e+00 2.314359330831570194e-01
2.375000000000000000e+00 1.992480909912250908e-01
2.384999999999999787e+00 1.499496784037186170e-01
2.395000000000000018e+00 1.353409511926884634e-01
2.405000000000000249e+00 1.061440386283517279e-01
2.415000000000000036e+00 9.103311938496347344e-02
2.424999999999999822e+00 7.601220124909893738e-02
2.435000000000000053e+00 5.384939565849766047e-02
2.445000000000000284e+00 4.440644303151046468e-02
2.455000000000000071e+00 3.829378182176516182e-02
2.464999999999999858e+00 2.912585062644486994e-02
2.475000000000000089e+00 2.397652334023390314e-02
2.485000000000000320e+00 1.920442510675901895e-02
2.495000000000000107e+00 1.436136516769956351e-02
2.504999999999999893e+00 1.104864159807172896e-02
2.515000000000000124e+00 9.807169751767765356e-03
2.525000000000000355e+00 9.300394162156236377e-03
2.535000000000000142e+00 5.110428789369656638e-03
2.544999999999999929e+00 5.492876134654617153e-03
2.555000000000000160e+00 3.214080896318516171e-03
2.564999999999999947e+00 4.575620337889191314e-03
2.575000000000000178e+00 2.614026097907410674e-03
2.584999999999999964e+00 2.047768949120933046e-03
2.594999999999999751e+00 1.625613566603132179e-03
2.604999999999999982e+00 1.882016288660847856e-03
2.615000000000000213e+00 1.067228469792323026e-03
2.625000000000000000e+00 5.295563515992575583e-04
2.634999999999999787e+00 7.883168704751539321e-04
2.645000000000000018e+00 1.434340118815802343e-03
2.655000000000000249e+00 7.764849041682412830e-04
2.665000000000000036e+00 2.568895217144074607e-04
2.674999999999999822e+00 1.274862223309405559e-04
2.685000000000000053e+00 5.061534950376027787e-04
2.695000000000000284e+00 1.256010567740777138e-04
2.705000000000000071e+00 2.493482318568233306e-04
2.714999999999999858e+00 3.712721958997488615e-04
2.725000000000000089e+00 6.142537754705929475e-04
2.735000000000000320e+00 0.000000000000000000e+00
2.745000000000000107e+00 0.000000000000000000e+00
2.754999999999999893e+00 0.000000000000000000e+00
2.765000000000000124e+00 1.193220170370297531e-04
2.775000000000000355e+00 0.000000000000000000e+00
2.785000000000000142e+00 0.000000000000000000e+00
2.794999999999999929e+00 0.000000000000000000e+00
2.805000000000000160e+00 0.000000000000000000e+00
2.814999999999999947e+00 0.000000000000000000e+00
2.825000000000000178e+00 0.000000000000000000e+00
2.834999999999999964e+00 0.000000000000000000e+00
2.844999999999999751e+00 1.127058197666614260e-04
2.854999999999999982e+00 0.000000000000000000e+00
2.865000000000000213e+00 0.000000000000000000e+00
2.875000000000000000e+00 0.000000000000000000e+00
2.884999999999999787e+00 0.000000000000000000e+00
2.895000000000000018e+00 1.088463230928627746e-04
2.905000000000000249e+00 0.000000000000000000e+00
2.915000000000000036e+00 0.000000000000000000e+00
2.924999999999999822e+00 0.000000000000000000e+00
2.935000000000000053e+00 1.058996926078214747e-04
2.945000000000000284e+00 0.000000000000000000e+00
2.955000000000000071e+00 1.044710466884842112e-04
2.964999999999999858e+00 2.075350812480659306e-04
2.975000000000000089e+00 0.000000000000000000e+00
2.985000000000000320e+00 0.000000000000000000e+00
2.995000000000000107e+00 1.016991384705432760e-04
3.004999999999999893e+00 1.010233991811054592e-04
3.015000000000000124e+00 2.007087450014989041e-04
3.025000000000000355e+00 0.000000000000000000e+00
3.035000000000000142e+00 0.000000000000000000e+00
3.044999999999999929e+00 0.000000000000000000e+00
3.055000000000000160e+00 9.774364126547518516e-05
3.065000000000000391e+00 3.884275085291408343e-04
3.075000000000000178e+00 9.647631521795447011e-05
3.084999999999999964e+00 1.917037504706317283e-04
3.094999999999999751e+00 6.666343473451517062e-04
3.104999999999999982e+00 5.677262781976026009e-04
3.115000000000000213e+00 3.760580131236092652e-04
3.125000000000000000e+00 1.868275473620867864e-04
3.134999999999999787e+00 2.784563505298763434e-04
3.145000000000000018e+00 4.611472994321753113e-04
3.155000000000000249e+00 6.415201175768733919e-04
3.165000000000000036e+00 4.553376325060080670e-04
3.174999999999999822e+00 9.049477665609808371e-04
3.185000000000000053e+00 1.348911197243185273e-03
3.195000000000000284e+00 9.830190551793076444e-04
3.205000000000000071e+00 8.880857688533587381e-04
3.214999999999999858e+00 1.765139451931898792e-03
3.225000000000000089e+00 1.315657373183775139e-03
3.235000000000000320e+00 2.092057691586634346e-03
3.245000000000000107e+00 2.079183531161585708e-03
3.254999999999999893e+00 2.583034805134558961e-03
3.265000000000000124e+00 3.679705616347178718e-03
3.275000000000000355e+00 3.827373966324419154e-03
3.285000000000000142e+00 4.142250200676857175e-03
3.294999999999999929e+00 5.125426318285749086e-03
3.305000000000000160e+00 5.679066897126361889e-03
3.315000000000000391e+00 6.724019354660425510e-03
3.325000000000000178e+00 7.508775096262053535e-03
3.334999999999999964e+00 6.151493823534076068e-03
3.344999999999999751e+00 7.093131572151720882e-03
3.354999999999999982e+00 1.021166373754171103e-02
3.365000000000000213e+00 1.135952016202686037e-02
3.375000000000000000e+00 1.401527124852069983e-02
3.384999999999999787e+00 1.345489687649271959e-02
3.395000000000000018e+00 1.551270489953520196e-02
3.405000000000000249e+00 1.738877787541536976e-02
3.415000000000000036e+00 2.002486374696638843e-02
3.424999999999999822e+00 2.410746608476311420e-02
3.435000000000000053e+00 2.698254861667578192e-02
3.445000000000000284e+00 3.036195057680525500e-02
3.455000000000000071e+00 3.117992651305709004e-02
3.464999999999999858e+00 3.707868927096614337e-02
3.475000000000000089e+00 4.275804543486759479e-02
3.485000000000000320e+00 4.837169828175338221e-02
3.495000000000000107e+00 5.302430966680116153e-02
3.504999999999999893e+00 5.650926366947173901e-02
3.515000000000000124e+00 6.704188668849757338e-02
3.525000000000000355e+00 7.018603185257266119e-02
3.535000000000000142e+00 7.285556762928170615e-02
3.544999999999999929e+00 8.856016039612744917e-02
3.555000000000000160e+00 1.002614728233264807e-01
3.565000000000000391e+00 1.048678088049908030e-01
3.575000000000000178e+00 1.158450483552308924e-01
3.584999999999999964e+00 1.316669098838792740e-01
3.594999999999999751e+00 1.425113913883699623e-01
3.604999999999999982e+00 1.603934830978407111e-01
3.615000000000000213e+00 1.743760696400629973e-01
3.625000000000000000e+00 1.818153440027755474e-01
3.634999999999999787e+00 2.040829184650071182e-01
3.645000000000000018e+00 2.199241548808952562e-01
3.655000000000000249e+00 2.308774239451883425e-01
3.665000000000000036e+00 2.545438951604823141e-01
3.674999999999999822e+00 2.701819720813850578e-01
3.685000000000000053e+00 3.123170012455270816e-01
3.695000000000000284e+00 3.338808647851621569e-01
3.705000000000000071e+00 3.633817803871660645e-01
3.714999999999999858e+00 3.765647398452586780e-01
3.725000000000000089e+00 4.128745939058816594e-01
3.735000000000000320e+00 4.363660796502628614e-01
3.745000000000000107e+00 4.628533038658847465e-01
3.754999999999999893e+00 4.992101540464518039e-01
3.765000000000000124e+00 5.347242418342669223e-01
3.775000000000000355e+00 5.710717860609267893e-01
3.785000000000000142e+00 6.178532591184340284e-01
3.794999999999999929e+00 6.524162110768454426e-01
3.805000000000000160e+00 6.969412194767155011e-01
3.815000000000000391e+00 7.283925559601138744e-01
3.825000000000000178e+00 7.568871217229102832e-01
3.834999999999999964e+00 8.096376323055743951e-01
3.844999999999999751e+00 8.654704261990928682e-01
3.854999999999999982e+00 8.947478883750212830e-01
3.865000000000000213e+00 9.663975287331917352e-01
3.875000000000000000e+00 9.970781159368379276e-01
3.884999999999999787e+00 1.033897564851036233e+00
3.895000000000000018e+00 1.081270019819804640e+00
3.905000000000000249e+00 1.136220407393294884e+00
3.915000000000000036e+00 1.182739606689096057e+00
3.924999999999999822e+00 1.235876379096459754e+00
3.935000000000000053e+00 1.286278582724963648e+00
3.945000000000000284e+00 1.340550712337333694e+00
3.955000000000000071e+00 1.363056949638717485e+00
3.964999999999999858e+00 1.410908959080498848e+00
3.975000000000000089e+00 1.455664730590030098e+00
3.985000000000000320e+00 1.517359978134797505e+00
3.995000000000000107e+00 1.534065372763332880e+00
4.004999999999999893e+00 1.589543209159580028e+00
4.015000000000000568e+00 1.640601872856397803e+00
4.025000000000000355e+00 1.662360128704869711e+00
4.035000000000000142e+00 1.717669158552764808e+00
4.044999999999999929e+00 1.734108783778240959e+00
4.054999999999999716e+00 1.781711240736124857e+00
4.065000000000000391e+00 1.809171367714980772e+00
4.075000000000000178e+00 1.823705572575302192e+00
4.084999999999999964e+00 1.868908262898056005e+00
4.094999999999999751e+00 1.891126373031776220e+00
4.105000000000000426e+00 1.917491069581162000e+00
4.115000000000000213e+00 1.951119687254420976e+00
4.125000000000000000e+00 1.978234669591584005e+00
4.134999999999999787e+00 1.984577238643616015e+00
4.144999999999999574e+00 1.993118775788058850e+00
4.155000000000000249e+00 1.992413740358187857e+00
4.165000000000000036e+00 2.018564613734827429e+00
4.174999999999999822e+00 2.017280142744674265e+00
4.185000000000000497e+00 2.005307273265428680e+00
4.195000000000000284e+00 2.008199299234030288e+00
4.205000000000000071e+00 1.994686623649174262e+00
4.214999999999999858e+00 2.005155827316321471e+00
4.224999999999999645e+00 1.977124330908909933e+00
4.235000000000000320e+00 1.978530440594412410e+00
4.245000000000000107e+00 1.925835029926916464e+00
4.254999999999999893e+00 1.916894340051376489e+00
4.265000000000000568e+00 1.901747448521266648e+00
4.275000000000000355e+00 1.883626353151315103e+00
4.285000000000000142e+00 1.841706205879797720e+00
4.294999999999999929e+00 1.824832192044433254e+00
4.304999999999999716e+00 1.804452431756828013e+00
4.315000000000000391e+00 1.740097502265996354e+00
4.325000000000000178e+00 1.723915784311571553e+00
4.334999999999999964e+00 1.698835557588902256e+00
4.345000000000000639e+00 1.647488046845359877e+00
4.355000000000000426e+00 1.619007769574350553e+00
4.365000000000000213e+00 1.571236364496068072e+00
4.375000000000000000e+00 1.540422367886717048e+00
4.384999999999999787e+00 1.478512984284764187e+00
4.394999999999999574e+00 1.437363759444317379e+00
4.405000000000000249e+00 1.397512793259111596e+00
4.415000000000000036e+00 1.356978111428975176e+00
4.424999999999999822e+00 1.319357558300931155e+00
4.435000000000000497e+00 1.256460774084584120e+00
4.445000000000000284e+00 1.221218271282578760e+00
4.455000000000000071e+00 1.181361058364470917e+00
4.464999999999999858e+00 1.137730026430741059e+00
4.474999999999999645e+00 1.102949773919881915e+00
4.485000000000000320e+00 1.046200745482054772e+00
4.495000000000000107e+00 1.018389341793368930e+00
4.504999999999999893e+00 9.702725268607143017e-01
4.515000000000000568e+00 9.193047627220494178e-01
4.525000000000000355e+00 8.996525851451474542e-01
4.535000000000000142e+00 8.534176877899247726e-01
4.544999999999999929e+00 8.063881807360576692e-01
4.554999999999999716e+00 7.667098929952810282e-01
4.565000000000000391e+00 7.361262284313370152e-01
4.575000000000000178e+00 6.875841528222674803e-01
4.584999999999999964e+00 6.553837983106245435e-01
4.595000000000000639e+00 6.189203444736423032e-01
4.605000000000000426e+00 5.985547616696611506e-01
4.615000000000000213e+00 5.518895528364999858e-01
4.625000000000000000e+00 5.146204025585484620e-01
4.634999999999999787e+00 4.933362831970118934e-01
4.644999999999999574e+00 4.644085969453228269e-01
4.655000000000000249e+00 4.333250201824986325e-01
4.665000000000000036e+00 4.022938219444519015e-01
4.674999999999999822e+00 3.771169837970221872e-01
4.685000000000000497e+00 3.526499463539806700e-01
4.695000000000000284e+00 3.414652871394732170e-01
4.705000000000000071e+00 3.219245863997419188e-01
4.714999999999999858e+00 2.974991850749347244e-01
4.724999999999999645e+00 2.758108303990268184e-01
4.735000000000000320e+00 2.655328593614881272e-01
4.745000000000000107e+00 2.456148769352457795e-01
4.754999999999999893e+00 2.309456323484390672e-01
4.765000000000000568e+00 2.155535043422690533e-01
4.775000000000000355e+00 2.061695688374584334e-01
4.785000000000000142e+00 1.934356524841494007e-01
4.794999999999999929e+00 1.818376489617989922e-01
4.804999999999999716e+00 1.675686082008897293e-01
4.815000000000000391e+00 1.571150912433541824e-01
4.825000000000000178e+00 1.509002845095482881e-01
4.834999999999999964e+00 1.468037029748243960e-01
4.845000000000000639e+00 1.390866068528503197e-01
4.855000000000000426e+00 1.288774523235468317e-01
4.865000000000000213e+00 1.253803713974709355e-01
4.875000000000000000e+00 1.194926132679564323e-01
4.884999999999999787e+00 1.213740301474357242e-01
4.894999999999999574e+00 1.170714257931206731e-01
4.905000000000000249e+00 1.135232858420704843e-01
4.915000000000000036e+00 1.151387634592564851e-01
4.924999999999999822e+00 1.122270457404391242e-01
4.935000000000000497e+00 1.144321565957250597e-01
4.945000000000000284e+00 1.147532309068178963e-01
4.955000000000000071e+00 1.117639384973930367e-01
4.964999999999999858e+00 1.200846176063780635e-01
4.974999999999999645e+00 1.159166080121899201e-01
4.985000000000000320e+00 1.202242742812823784e-01
4.995000000000000107e+00 1.245331129397004161e-01
5.004999999999999893e+00 1.235989725764036762e-01
5.015000000000000568e+00 1.327911221939218900e-01
5.025000000000000355e+00 1.338527405742772347e-01
5.035000000000000142e+00 1.441168492072769647e-01
5.044999999999999929e+00 1.461625357442946083e-01
5.054999999999999716e+00 1.573301366307391369e-01
5.065000000000000391e+00 1.617589157218292384e-01
5.075000000000000178e+00 1.741563465071009342e-01
5.084999999999999964e+00 1.771058854002746097e-01
5.095000000000000639e+00 1.918034197015413000e-01
5.105000000000000426e+00 1.977735216662223905e-01
5.115000000000000213e+00 2.096927137285898302e-01
5.125000000000000000e+00 2.155436459820807560e-01
5.134999999999999787e+00 2.300657357646138379e-01
5.144999999999999574e+00 2.297925936613382236e-01
5.155000000000000249e+00 2.464780784826474669e-01
5.165000000000000036e+00 2.575272504487885472e-01
5.174999999999999822e+00 2.685233236065980855e-01
5.185000000000000497e+00 2.693548310485088804e-01
5.195000000000000284e+00 2.905266483665317478e-01
5.205000000000000071e+00 3.010619182050078835e-01
5.214999999999999858e+00 3.084283608233285290e-01
5.224999999999999645e+00 3.207150603236886832e-01
5.235000000000000320e+00 3.330388664390475650e-01
5.245000000000000107e+00 3.459296540726449209e-01
5.254999999999999893e+00 3.518488563179935635e-01
5.265000000000000568e+00 3.641378867279220222e-01
5.275000000000000355e+00 3.757083873664502360e-01
5.285000000000000142e+00 3.848699042155246941e-01
5.294999999999999929e+00 3.980267390706871966e-01
5.304999999999999716e+00 4.068678334156042853e-01
5.315000000000000391e+00 4.184491023663310383e-01
5.325000000000000178e+00 4.273025207704332362e-01
5.334999999999999964e+00 4.269841809505779406e-01
5.345000000000000639e+00 4.434929933893488330e-01
5.355000000000000426e+00 4.544993840409485841e-01
5.365000000000000213e+00 4.631070751341901381e-01
5.375000000000000000e+00 4.720896833578204776e-01
5.384999999999999787e+00 4.707154646760575156e-01
5.394999999999999574e+00 4.897832408362012280e-01
5.405000000000000249e+00 4.949360373675990576e-01
5.415000000000000036e+00 4.957230330956197695e-01
5.424999999999999822e+00 4.991045684268651250e-01
5.435000000000000497e+00 5.025196481372160573e-01
5.445000000000000284e+00 5.145831953381361235e-01
5.455000000000000071e+00 5.111041425186509946e-01
5.464999999999999858e+00 5.177572643278627318e-01
5.474999999999999645e+00 5.244801446220364038e-01
5.485000000000000320e+00 5.235397764902715023e-01
5.495000000000000107e+00 5.239623019890295996e-01
5.504999999999999893e+00 5.254318779647841886e-01
5.515000000000000568e+00 5.289868707657628955e-01
5.525000000000000355e+00 5.301219432021158084e-01
5.535000000000000142e+00 5.237118722005029703e-01
5.544999999999999929e+00 5.175225677113796108e-01
5.554999999999999716e+00 5.185285529880880873e-01
5.565000000000000391e+00 5.215564690427318961e-01
5.575000000000000178e+00 5.097958386256243868e-01
5.584999999999999964e+00 5.094049327542951033e-01
5.595000000000000639e+00 5.126271007726311835e-01
5.605000000000000426e+00 4.990103095138641032e-01
5.615000000000000213e+00 4.949197368411712428e-01
5.625000000000000000e+00 4.944878325925321505e-01
5.634999999999999787e+00 4.849199918992953551e-01
5.644999999999999574e+00 4.863238595413340026e-01
5.655000000000000249e+00 4.757051855136257834e-01
5.665000000000000036e+00 4.696212290750233498e-01
5.674999999999999822e+00 4.585918533493473226e-01
5.685000000000000497e+00 4.557944382802578964e-01
5.695000000000000284e+00 4.526200479267049603e-01
5.705000000000000071e+00 4.444760203691320299e-01
5.714999999999999858e+00 4.367213384219844619e-01
5.724999999999999645e+00 4.218649934876990693e-01
5.735000000000000320e+00 4.178433668904969478e-01
5.745000000000000107e+00 4.210610860879164807e-01
5.754999999999999893e+00 4.114186232825313705e-01
5.765000000000000568e+00 4.026639156729005520e-01
5.775000000000000355e+00 3.948152744343554899e-01
5.785000000000000142e+00 3.936150444188479813e-01
5.794999999999999929e+00 3.903290613440933421e-01
5.804999999999999716e+00 3.848164592514002336e-01
5.815000000000000391e+00 3.769383825013918332e-01
5.825000000000000178e+00 3.763980808510946074e-01
5.834999999999999964e+00 3.723225232361226378e-01
5.845000000000000639e+00 3.658427561179999898e-01
5.855000000000000426e+00 3.594582688094631884e-01
5.865000000000000213e+00 3.608855501650027886e-01
5.875000000000000000e+00 3.555878452155037395e-01
5.884999999999999787e+00 3.570407728063452191e-01
5.894999999999999574e+00 3.507115477145802407e-01
5.905000000000000249e+00 3.519839384682879047e-01
5.915000000000000036e+00 3.552273241324366837e-01
5.924999999999999822e+00 3.523661715477487966e-01
5.935000000000000497e+00 3.544688275071706807e-01
5.945000000000000284e+00 3.613046073032231686e-01
5.955000000000000071e+00 3.624845595329355685e-01
5.964999999999999858e+00 3.702179965664951222e-01
5.974999999999999645e+00 3.762112014649056646e-01
5.985000000000000320e+00 3.848873191108749259e-01
5.995000000000000107e+00 3.961178907082564815e-01
6.004999999999999893e+00 4.045899998298714828e-01
6.015000000000000568e+00 4.118185730871963268e-01
6.025000000000000355e+00 4.210576485630342369e-01
6.035000000000000142e+00 4.336897704388065766e-01
6.044999999999999929e+00 4.493815659299785215e-01
6.054999999999999716e+00 4.582990795543046003e-01
6.065000000000000391e+00 4.807705208447516920e-01
6.075000000000000178e+00 4.970850923535580779e-01
6.084999999999999964e+00 5.098407128223313434e-01
6.095000000000000639e+00 5.247937543295341234e-01
6.105000000000000426e+00 5.475274298835619557e-01
6.115000000000000213e+00 5.738179018875865234e-01
6.125000000000000000e+00 5.891617427985824662e-01
6.134999999999999787e+00 6.071898505790533918e-01
6.145000000000000462e+00 6.299534124949632830e-01
6.155000000000000249e+00 6.433674225300005656e-01
6.165000000000000036e+00 6.715483122832194285e-01
6.174999999999999822e+00 7.050220674543909993e-01
6.185000000000000497e+00 7.185784684818000700e-01
6.195000000000000284e+00 7.467335756747697229e-01
6.205000000000000071e+00 7.744666628471411629e-01
6.214999999999999858e+00 8.035762731111314450e-01
6.224999999999999645e+00 8.183465975760755295e-01
6.235000000000000320e+00 8.513450210180634192e-01
6.245000000000000107e+00 8.770640157137580273e-01
6.254999999999999893e+00 8.979744086167541495e-01
6.265000000000000568e+00 9.208851752004088009e-01
6.275000000000000355e+00 9.549049768291634210e-01
6.285000000000000142e+00 9.813829504201552201e-01
6.294999999999999929e+00 9.978351027197865930e-01
6.304999999999999716e+00 1.019249488962287176e+00
6.315000000000000391e+00 1.050931544086740166e+00
6.325000000000000178e+00 1.076319925615112139e+00
6.334999999999999964e+00 1.109839695557063743e+00
6.345000000000000639e+00 1.122454958251350110e+00
6.355000000000000426e+00 1.147589555850294207e+00
6.365000000000000213e+00 1.163779072521160307e+00
6.375000000000000000e+00 1.188997212532683534e+00
6.384999999999999787e+00 1.203691528757998563e+00
6.395000000000000462e+00 1.219849641219765246e+00
6.405000000000000249e+00 1.234589081614702266e+00
6.415000000000000036e+00 1.263617506484955300e+00
6.424999999999999822e+00 1.279465385547796208e+00
6.435000000000000497e+00 1.286749214526052620e+00
6.445000000000000284e+00 1.311836551361909020e+00
6.455000000000000071e+00 1.317101848489091509e+00
6.464999999999999858e+00 1.324838306479622307e+00
6.474999999999999645e+00 1.349035531498012475e+00
6.485000000000000320e+00 1.354682856778191002e+00
6.495000000000000107e+00 1.359661913107979458e+00
6.504999999999999893e+00 1.380557193664608162e+00
6.515000000000000568e+00 1.369229907952144609e+00
6.525000000000000355e+00 1.369985761345790420e+00
6.535000000000000142e+00 1.386986243656115114e+00
6.544999999999999929e+00 1.387159384599784051e+00
6.554999999999999716e+00 1.383843166754468168e+00
6.565000000000000391e+00 1.380667698783216712e+00
6.575000000000000178e+00 1.388309259739466395e+00
6.584999999999999964e+00 1.384011730232646231e+00
6.595000000000000639e+00 1.379712888413857197e+00
6.605000000000000426e+00 1.384718003220179350e+00
6.615000000000000213e+00 1.378157966636605058e+00
6.625000000000000000e+00 1.378552434997854403e+00
6.634999999999999787e+00 1.369344030259430189e+00
6.645000000000000462e+00 1.362106110386328783e+00
6.655000000000000249e+00 1.363226879639569900e+00
6.665000000000000036e+00 1.346057961895814392e+00
6.674999999999999822e+00 1.341679788435389487e+00
6.685000000000000497e+00 1.322154853729222257e+00
6.695000000000000284e+00 1.327855040249217078e+00
6.705000000000000071e+00 1.316084984908571842e+00
6.714999999999999858e+00 1.309740337772751229e+00
6.724999999999999645e+00 1.297961248680955970e+00
6.735000000000000320e+00 1.281057623778854460e+00
6.745000000000000107e+00 1.272750307815836646e+00
6.754999999999999893e+00 1.257729169626353505e+00
6.765000000000000568e+00 1.249409021930478536e+00
6.775000000000000355e+00 1.240993360030313575e+00
6.785000000000000142e+00 1.237655059437592353e+00
6.794999999999999929e+00 1.220560032102902648e+00
6.804999999999999716e+00 1.212168748043964239e+00
6.815000000000000391e+00 1.204292824966360032e+00
6.825000000000000178e+00 1.196908259426290089e+00
6.834999999999999964e+00 1.188663483491722461e+00
6.845000000000000639e+00 1.183012303692240197e+00
6.855000000000000426e+00 1.165663464864916454e+00
6.865000000000000213e+00 1.162211908337950739e+00
6.875000000000000000e+00 1.159084292665137461e+00
6.884999999999999787e+00 1.142248705596613290e+00
6.895000000000000462e+00 1.135138504344953558e+00
6.905000000000000249e+00 1.127586344662563578e+00
6.915000000000000036e+00 1.119538914558718457e+00
6.924999999999999822e+00 1.116612287144420623e+00
6.935000000000000497e+00 1.108292032316371856e+00
6.945000000000000284e+00 1.096591730821652400e+00
6.955000000000000071e+00 1.100588140792716274e+00
6.964999999999999858e+00 1.082743512017482423e+00
6.974999999999999645e+00 1.081441186565956558e+00
6.985000000000000320e+00 1.072176833902842574e+00
6.995000000000000107e+00 1.070940571828629340e+00
7.004999999999999893e+00 1.058366687013140073e+00
7.015000000000000568e+00 1.059596533205380720e+00
7.025000000000000355e+00 1.046119546446467430e+00
7.035000000000000142e+00 1.040290588236741920e+00
7.044999999999999929e+00 1.036530684250873469e+00
7.054999999999999716e+00 1.028444145224355788e+00
7.065000000000000391e+00 1.021843027406204696e+00
7.075000000000000178e+00 1.014473211735616998e+00
7.084999999999999964e+00 1.002506735844810093e+00
7.095000000000000639e+00 1.002817883484149686e+00
7.105000000000000426e+00 9.940516478497585240e-01
7.115000000000000213e+00 9.856550637868111142e-01
7.125000000000000000e+00 9.801768257192262634e-01
7.134999999999999787e+00 9.723958846129800992e-01
7.145000000000000462e+00 9.684250490504837661e-01
7.155000000000000249e+00 9.624590109151038853e-01
7.165000000000000036e+00 9.489703820988018013e-01
7.174999999999999822e+00 9.474788221705804370e-01
7.185000000000000497e+00 9.401428286938551260e-01
7.195000000000000284e+00 9.374255918649055941e-01
7.205000000000000071e+00 9.259157878653053730e-01
7.214999999999999858e+00 9.166391512119450580e-01
7.224999999999999645e+00 9.038976664136536554e-01
7.235000000000000320e+00 8.953359557016055126e-01
7.245000000000000107e+00 8.908326765677744286e-01
7.254999999999999893e+00 8.912556244484379775e-01
7.265000000000000568e+00 8.791420917415682101e-01
7.275000000000000355e+00 8.710044000256271790e-01
7.285000000000000142e+00 8.618423246987131359e-01
7.294999999999999929e+00 8.497616186905966318e-01
7.304999999999999716e+00 8.438467267579722320e-01
7.315000000000000391e+00 8.404329926582329024e-01
7.325000000000000178e+00 8.233312563862589251e-01
7.334999999999999964e+00 8.147803961715847088e-01
7.345000000000000639e+00 8.078963193690713585e-01
7.355000000000000426e+00 7.939471396992160424e-01
7.365000000000000213e+00 7.839051172755141517e-01
7.375000000000000000e+00 7.861750023569250567e-01
7.384999999999999787e+00 7.664842962252771397e-01
7.395000000000000462e+00 7.601589376882507132e-01
7.405000000000000249e+00 7.454136025236896002e-01
7.415000000000000036e+00 7.409156587297037744e-01
7.424999999999999822e+00 7.279175387972195432e-01
7.435000000000000497e+00 7.263403295310367769e-01
7.445000000000000284e+00 7.155030054837129283e-01
7.455000000000000071e+00 7.078234335706510283e-01
7.464999999999999858e+00 6.943546561661404493e-01
7.474999999999999645e+00 6.828492262934455770e-01
7.485000000000000320e+00 6.832077529656378490e-01
7.495000000000000107e+00 6.743217600295209335e-01
7.504999999999999893e+00 6.579494934674394724e-01
7.515000000000000568e+00 6.536474542161349044e-01
7.525000000000000355e+00 6.392649106774549450e-01
7.535000000000000142e+00 6.402846340535807146e-01
7.544999999999999929e+00 6.279640704709360532e-01
7.554999999999999716e+00 6.306020597402409722e-01
7.565000000000000391e+00 6.229265546978491885e-01
7.575000000000000178e+00 6.173402141862629477e-01
7.584999999999999964e+00 6.185200489463582585e-01
7.595000000000000639e+00 6.181100827375358708e-01
7.605000000000000426e+00 6.118010505274874555e-01
7.615000000000000213e+00 6.253132918098915916e-01
7.625000000000000000e+00 6.228426150297511343e-01
7.634999999999999787e+00 6.298818155725058876e-01
7.645000000000000462e+00 6.364762620758119827e-01
7.655000000000000249e+00 6.497126113697527794e-01
7.665000000000000036e+00 6.659521065936245821e-01
7.674999999999999822e+00 6.851092046859293960e-01
7.685000000000000497e+00 7.012605027126830315e-01
7.695000000000000284e+00 7.234110117308165666e-01
7.705000000000000071e+00 7.539571050641342698e-01
7.714999999999999858e+00 7.786410868092414894e-01
7.724999999999999645e+00 8.159745083729331716e-01
7.735000000000000320e+00 8.527464563776420148e-01
7.745000000000000107e+00 8.844897901467884127e-01
7.754999999999999893e+00 9.339808687036141865e-01
7.765000000000000568e+00 9.740608061483424507e-01
7.775000000000000355e+00 1.024178198146505014e+00
7.785000000000000142e+00 1.075931584949344266e+00
7.794999999999999929e+00 1.124518612758116376e+00
7.804999999999999716e+00 1.183275830113169613e+00
7.815000000000000391e+00 1.245059690475203151e+00
7.825000000000000178e+00 1.294724446744411894e+00
7.834999999999999964e+00 1.344146615619952190e+00
7.845000000000000639e+00 1.396232803287942525e+00
7.855000000000000426e+00 1.450903053473746818e+00
7.865000000000000213e+00 1.499450974601648667e+00
7.875000000000000000e+00 1.541040059564021458e+00
7.884999999999999787e+00 1.579141480819618026e+00
7.895000000000000462e+00 1.610942043263619450e+00
7.905000000000000249e+00 1.635963630016163739e+00
7.915000000000000036e+00 1.654810633588797542e+00
7.925000000000000711e+00 1.673005415084409808e+00
7.935000000000000497e+00 1.672558255717878195e+00
7.945000000000000284e+00 1.678929319026770672e+00
7.955000000000000071e+00 1.678112973236924432e+00
7.964999999999999858e+00 1.647904009229932187e+00
7.974999999999999645e+00 1.636975189303687239e+00
7.985000000000000320e+00 1.609642375725885755e+00
7.995000000000000107e+00 1.584310690999783944e+00
