5.000000000000000104e-03 0.000000000000000000e+00
1.499999999999999944e-02 0.000000000000000000e+00
2.500000000000000139e-02 0.000000000000000000e+00
3.500000000000000333e-02 0.000000000000000000e+00
4.499999999999999833e-02 0.000000000000000000e+00
5.500000000000000028e-02 0.000000000000000000e+00
6.500000000000000222e-02 0.000000000000000000e+00
7.500000000000001110e-02 0.000000000000000000e+00
8.499999999999999223e-02 0.000000000000000000e+00
9.500000000000000111e-02 0.000000000000000000e+00
1.050000000000000100e-01 0.000000000000000000e+00
1.149999999999999911e-01 0.000000000000000000e+00
1.250000000000000000e-01 0.000000000000000000e+00
1.350000000000000089e-01 0.000000000000000000e+00
1.450000000000000178e-01 0.000000000000000000e+00
1.549999999999999989e-01 0.000000000000000000e+00
1.650000000000000078e-01 0.000000000000000000e+00
1.749999999999999889e-01 0.000000000000000000e+00
1.849999999999999978e-01 0.000000000000000000e+00
1.950000000000000067e-01 0.000000000000000000e+00
2.050000000000000155e-01 0.000000000000000000e+00
2.149999999999999967e-01 0.000000000000000000e+00
2.250000000000000056e-01 0.000000000000000000e+00
2.349999999999999867e-01 0.000000000000000000e+00
2.449999999999999956e-01 0.000000000000000000e+00
2.550000000000000044e-01 0.000000000000000000e+00
2.650000000000000133e-01 0.000000000000000000e+00
2.750000000000000222e-01 0.000000000000000000e+00
2.850000000000000311e-01 0.000000000000000000e+00
2.949999999999999845e-01 0.000000000000000000e+00
3.049999999999999933e-01 0.000000000000000000e+00
3.150000000000000022e-01 0.000000000000000000e+00
3.250000000000000111e-01 0.000000000000000000e+00
3.350000000000000200e-01 0.000000000000000000e+00
3.450000000000000289e-01 0.000000000000000000e+00
3.549999999999999822e-01 0.000000000000000000e+00
3.649999999999999911e-01 0.000000000000000000e+00
3.750000000000000000e-01 0.000000000000000000e+00
3.850000000000000089e-01 0.000000000000000000e+00
3.950000000000000178e-01 0.000000000000000000e+00
4.050000000000000266e-01 0.000000000000000000e+00
4.150000000000000355e-01 0.000000000000000000e+00
4.249999999999999889e-01 0.000000000000000000e+00
4.349999999999999978e-01 0.000000000000000000e+00
4.450000000000000067e-01 0.000000000000000000e+00
4.550000000000000155e-01 0.000000000000000000e+00
4.650000000000000244e-01 0.000000000000000000e+00
4.749999999999999778e-01 0.000000000000000000e+00
4.849999999999999867e-01 0.000000000000000000e+00
4.949999999999999956e-01 0.000000000000000000e+00
5.050000000000000044e-01 0.000000000000000000e+00
5.150000000000000133e-01 0.000000000000000000e+00
5.250000000000000222e-01 0.000000000000000000e+00
5.350000000000000311e-01 0.000000000000000000e+00
5.450000000000000400e-01 0.000000000000000000e+00
5.550000000000000488e-01 0.000000000000000000e+00
5.650000000000000577e-01 0.000000000000000000e+00
5.749999999999999556e-01 0.000000000000000000e+00
5.849999999999999645e-01 0.000000000000000000e+00
5.949999999999999734e-01 0.000000000000000000e+00
6.049999999999999822e-01 0.000000000000000000e+00
6.149999999999999911e-01 0.000000000000000000e+00
6.250000000000000000e-01 0.000000000000000000e+00
6.350000000000000089e-01 0.000000000000000000e+00
6.450000000000000178e-01 0.000000000000000000e+00
6.550000000000000266e-01 0.000000000000000000e+00
6.650000000000000355e-01 0.000000000000000000e+00
6.750000000000000444e-01 0.000000000000000000e+00
6.850000000000000533e-01 0.000000000000000000e+00
6.950000000000000622e-01 0.000000000000000000e+00
7.050000000000000711e-01 0.000000000000000000e+00
7.149999999999999689e-01 0.000000000000000000e+00
7.249999999999999778e-01 0.000000000000000000e+00
7.349999999999999867e-01 0.000000000000000000e+00
7.449999999999999956e-01 0.000000000000000000e+00
7.550000000000000044e-01 0.000000000000000000e+00
7.650000000000000133e-01 0.000000000000000000e+00
7.750000000000000222e-01 0.000000000000000000e+00
7.850000000000000311e-01 0.000000000000000000e+00
7.950000000000000400e-01 0.000000000000000000e+00
8.050000000000000488e-01 0.000000000000000000e+00
8.150000000000000577e-01 0.000000000000000000e+00
8.250000000000000666e-01 0.000000000000000000e+00
8.349999999999999645e-01 0.000000000000000000e+00
8.449999999999999734e-01 0.000000000000000000e+00
8.549999999999999822e-01 0.000000000000000000e+00
8.649999999999999911e-01 0.000000000000000000e+00
8.750000000000000000e-01 0.000000000000000000e+00
8.850000000000000089e-01 0.000000000000000000e+00
8.950000000000000178e-01 0.000000000000000000e+00
9.050000000000000266e-01 0.000000000000000000e+00
9.150000000000000355e-01 0.000000000000000000e+00
9.250000000000000444e-01 0.000000000000000000e+00
9.350000000000000533e-01 0.000000000000000000e+00
9.450000000000000622e-01 0.000000000000000000e+00
9.550000000000000711e-01 0.000000000000000000e+00
9.649999999999999689e-01 0.000000000000000000e+00
9.749999999999999778e-01 0.000000000000000000e+00
9.849999999999999867e-01 0.000000000000000000e+00
9.949999999999999956e-01 0.000000000000000000e+00
1.004999999999999893e+00 0.000000000000000000e+00
1.015000000000000124e+00 0.000000000000000000e+00
1.024999999999999911e+00 0.000000000000000000e+00
1.035000000000000142e+00 0.000000000000000000e+00
1.044999999999999929e+00 0.000000000000000000e+00
1.055000000000000160e+00 0.000000000000000000e+00
1.064999999999999947e+00 0.000000000000000000e+00
1.075000000000000178e+00 0.000000000000000000e+00
1.084999999999999964e+00 0.000000000000000000e+00
1.095000000000000195e+00 0.000000000000000000e+00
1.104999999999999982e+00 0.000000000000000000e+00
1.115000000000000213e+00 0.000000000000000000e+00
1.125000000000000000e+00 0.000000000000000000e+00
1.135000000000000231e+00 0.000000000000000000e+00
1.145000000000000018e+00 0.000000000000000000e+00
1.155000000000000027e+00 0.000000000000000000e+00
1.165000000000000036e+00 0.000000000000000000e+00
1.174999999999999822e+00 0.000000000000000000e+00
1.185000000000000053e+00 0.000000000000000000e+00
1.194999999999999840e+00 0.000000000000000000e+00
1.205000000000000071e+00 0.000000000000000000e+00
1.214999999999999858e+00 0.000000000000000000e+00
1.225000000000000089e+00 0.000000000000000000e+00
1.234999999999999876e+00 0.000000000000000000e+00
1.245000000000000107e+00 0.000000000000000000e+00
1.254999999999999893e+00 0.000000000000000000e+00
1.265000000000000124e+00 0.000000000000000000e+00
1.274999999999999911e+00 0.000000000000000000e+00
1.285000000000000142e+00 0.000000000000000000e+00
1.294999999999999929e+00 0.000000000000000000e+00
1.305000000000000160e+00 0.000000000000000000e+00
1.314999999999999947e+00 0.000000000000000000e+00
1.325000000000000178e+00 0.000000000000000000e+00
1.334999999999999964e+00 0.000000000000000000e+00
1.345000000000000195e+00 0.000000000000000000e+00
1.354999999999999982e+00 0.000000000000000000e+00
1.365000000000000213e+00 0.000000000000000000e+00
1.375000000000000000e+00 0.000000000000000000e+00
1.385000000000000231e+00 0.000000000000000000e+00
1.395000000000000018e+00 0.000000000000000000e+00
1.405000000000000027e+00 0.000000000000000000e+00
1.415000000000000036e+00 0.000000000000000000e+00
1.424999999999999822e+00 0.000000000000000000e+00
1.435000000000000053e+00 0.000000000000000000e+00
1.444999999999999840e+00 0.000000000000000000e+00
1.455000000000000071e+00 0.000000000000000000e+00
1.464999999999999858e+00 0.000000000000000000e+00
1.475000000000000089e+00 0.000000000000000000e+00
1.484999999999999876e+00 0.000000000000000000e+00
1.495000000000000107e+00 0.000000000000000000e+00
1.504999999999999893e+00 0.000000000000000000e+00
1.515000000000000124e+00 0.000000000000000000e+00
1.524999999999999911e+00 0.000000000000000000e+00
1.535000000000000142e+00 0.000000000000000000e+00
1.544999999999999929e+00 0.000000000000000000e+00
1.555000000000000160e+00 0.000000000000000000e+00
1.564999999999999947e+00 0.000000000000000000e+00
1.575000000000000178e+00 0.000000000000000000e+00
1.584999999999999964e+00 0.000000000000000000e+00
1.595000000000000195e+00 0.000000000000000000e+00
1.604999999999999982e+00 0.000000000000000000e+00
1.615000000000000213e+00 2.600354038929630386e-03
1.625000000000000000e+00 2.568448257162102028e-03
1.635000000000000231e+00 0.000000000000000000e+00
1.645000000000000018e+00 1.002549377239121686e-02
1.655000000000000249e+00 1.733323578134474130e-02
1.665000000000000036e+00 3.180478714266109924e-02
1.674999999999999822e+00 6.043492927447296353e-02
1.685000000000000053e+00 1.122730950462424299e-01
1.694999999999999840e+00 2.289865593966915747e-01
1.705000000000000071e+00 3.476283435591225879e-01
1.714999999999999858e+00 5.718750163317292134e-01
1.725000000000000089e+00 7.795170400650938136e-01
1.734999999999999876e+00 1.270743408606711311e+00
1.745000000000000107e+00 1.599231425858513633e+00
1.754999999999999893e+00 2.142576542646228432e+00
1.765000000000000124e+00 2.849889279045093371e+00
1.774999999999999911e+00 3.685401591773313168e+00
1.785000000000000142e+00 4.516964995985988551e+00
1.794999999999999929e+00 5.479274538502360237e+00
1.805000000000000160e+00 6.018267544649684275e+00
1.814999999999999947e+00 7.273914673888850047e+00
1.825000000000000178e+00 8.059867232780227653e+00
1.834999999999999964e+00 8.933041146708937674e+00
1.845000000000000195e+00 9.511905626259133939e+00
1.854999999999999982e+00 1.011919364680664479e+01
1.865000000000000213e+00 1.077339273026329103e+01
1.875000000000000000e+00 1.074366768371842440e+01
1.885000000000000231e+00 1.108426807250959989e+01
1.895000000000000018e+00 1.084860550694610737e+01
1.905000000000000249e+00 1.056493794254449092e+01
1.915000000000000036e+00 1.019781526761765811e+01
1.924999999999999822e+00 9.973171465390477053e+00
1.935000000000000053e+00 9.272591904139083852e+00
1.944999999999999840e+00 8.894222327970902953e+00
1.955000000000000071e+00 8.033317767555091748e+00
1.964999999999999858e+00 7.500336538474009274e+00
1.975000000000000089e+00 6.915114658126961800e+00
1.984999999999999876e+00 6.098571696272259146e+00
1.995000000000000107e+00 5.678023760915780649e+00
2.004999999999999893e+00 5.167687758052273317e+00
2.015000000000000124e+00 4.433317635216970309e+00
2.025000000000000355e+00 3.852099292674431741e+00
2.035000000000000142e+00 3.367226506655586427e+00
2.044999999999999929e+00 3.037590385480572142e+00
2.054999999999999716e+00 2.564834394449017285e+00
2.064999999999999947e+00 2.353963242134263112e+00
2.075000000000000178e+00 1.976904114900412290e+00
2.084999999999999964e+00 1.695881549186437187e+00
2.094999999999999751e+00 1.370672384225952278e+00
2.104999999999999982e+00 1.161758024730527694e+00
2.115000000000000213e+00 1.018888458529846774e+00
2.125000000000000000e+00 8.441051841829444458e-01
2.134999999999999787e+00 6.933751713573327313e-01
2.145000000000000018e+00 6.353321208327050718e-01
2.155000000000000249e+00 5.140747315509557325e-01
2.165000000000000036e+00 4.355407998159743777e-01
2.174999999999999822e+00 3.784979759990399484e-01
2.185000000000000053e+00 2.642337119540856261e-01
2.195000000000000284e+00 2.815393590526142353e-01
2.205000000000000071e+00 2.301679949395755431e-01
2.214999999999999858e+00 2.156529094792541401e-01
2.225000000000000089e+00 1.534391497264472604e-01
2.235000000000000320e+00 1.493536456305235016e-01
2.245000000000000107e+00 1.439889919101184912e-01
2.254999999999999893e+00 1.333782816789920722e-01
2.265000000000000124e+00 8.989814218275188340e-02
2.275000000000000355e+00 7.076347972964715238e-02
2.285000000000000142e+00 7.923839227980560007e-02
2.294999999999999929e+00 7.726167259904191675e-02
2.305000000000000160e+00 7.786929030830978815e-02
2.314999999999999947e+00 4.176285651539891897e-02
2.325000000000000178e+00 4.893244822919717851e-02
2.334999999999999964e+00 5.846586057550761523e-02
2.344999999999999751e+00 4.193450172733460823e-02
2.354999999999999982e+00 4.402495771409355857e-02
2.365000000000000213e+00 3.759046333967670794e-02
2.375000000000000000e+00 3.967939050565399278e-02
2.384999999999999787e+00 4.411672277808877801e-02
2.395000000000000018e+00 3.192500838019000226e-02
2.405000000000000249e+00 3.048747681598833886e-02
2.415000000000000036e+00 3.953875121857474556e-02
2.424999999999999822e+00 3.690666469876768135e-02
2.435000000000000053e+00 4.346743139583464366e-02
2.445000000000000284e+00 3.857442907344153099e-02
2.455000000000000071e+00 3.713549939979488013e-02
2.464999999999999858e+00 4.464825302607874219e-02
2.475000000000000089e+00 4.207377900732389014e-02
2.485000000000000320e+00 5.271895431340093557e-02
2.495000000000000107e+00 4.576005432010241819e-02
2.504999999999999893e+00 4.431459063616617622e-02
2.515000000000000124e+00 5.039648295848923876e-02
2.525000000000000355e+00 5.106188310305329048e-02
2.535000000000000142e+00 6.121395293292234557e-02
2.544999999999999929e+00 5.130962849103751916e-02
2.555000000000000160e+00 5.714250150186626215e-02
2.564999999999999947e+00 6.185216184787472454e-02
2.575000000000000178e+00 5.932693379756997371e-02
2.584999999999999964e+00 7.815342421085724745e-02
2.594999999999999751e+00 7.050204272767982006e-02
2.604999999999999982e+00 7.096125412672665833e-02
2.615000000000000213e+00 7.537869229768513757e-02
2.625000000000000000e+00 7.874260323787510285e-02
2.634999999999999787e+00 8.107654889980145385e-02
2.645000000000000018e+00 9.694536546144197353e-02
2.655000000000000249e+00 9.140563356673617190e-02
2.665000000000000036e+00 1.040903536013090408e-01
2.674999999999999822e+00 1.137397029757185041e-01
2.685000000000000053e+00 1.006638688617001454e-01
2.695000000000000284e+00 9.618295365969393995e-02
2.705000000000000071e+00 1.353308297200715715e-01
2.714999999999999858e+00 1.242145675999790921e-01
2.725000000000000089e+00 1.443120209386957731e-01
2.735000000000000320e+00 1.341916498489335308e-01
2.745000000000000107e+00 1.503177323473449123e-01
2.754999999999999893e+00 1.385054737793791901e-01
2.765000000000000124e+00 1.712164493755904127e-01
2.775000000000000355e+00 1.796729277971086391e-01
2.785000000000000142e+00 1.906270601346022331e-01
2.794999999999999929e+00 1.849244935339838802e-01
2.805000000000000160e+00 2.146407010584933939e-01
2.814999999999999947e+00 2.037035624528242828e-01
2.825000000000000178e+00 2.175612421567831578e-01
2.834999999999999964e+00 2.413450404179782738e-01
2.844999999999999751e+00 2.564102370064392789e-01
2.854999999999999982e+00 2.687625638564178909e-01
2.865000000000000213e+00 2.925044588538258661e-01
2.875000000000000000e+00 2.929348232514318862e-01
2.884999999999999787e+00 2.966116713625717161e-01
2.895000000000000018e+00 2.978030716743718109e-01
2.905000000000000249e+00 3.544253765063818395e-01
2.915000000000000036e+00 3.496032719985311954e-01
2.924999999999999822e+00 3.678279603404845943e-01
2.935000000000000053e+00 3.818598780499002365e-01
2.945000000000000284e+00 4.128970967928002334e-01
2.955000000000000071e+00 4.287485013847108783e-01
2.964999999999999858e+00 4.351191717546032955e-01
2.975000000000000089e+00 4.452261922622457457e-01
2.985000000000000320e+00 4.863967935271164555e-01
2.995000000000000107e+00 4.831541602868736351e-01
3.004999999999999893e+00 4.604156139060616160e-01
3.015000000000000124e+00 5.252626861387035273e-01
3.025000000000000355e+00 5.721963314660899469e-01
3.035000000000000142e+00 5.492878161562159134e-01
3.044999999999999929e+00 5.742137591180489498e-01
3.055000000000000160e+00 5.864481762081336091e-01
3.065000000000000391e+00 6.208919519291733469e-01
3.075000000000000178e+00 5.946245418404689786e-01
3.084999999999999964e+00 6.399477874548531453e-01
3.094999999999999751e+00 6.287387154789395582e-01
3.104999999999999982e+00 6.591661980480278960e-01
3.115000000000000213e+00 6.437571675004427618e-01
3.125000000000000000e+00 6.542284273764406022e-01
3.134999999999999787e+00 6.686937140520818890e-01
3.145000000000000018e+00 6.850192011675386716e-01
3.155000000000000249e+00 6.691004458474303362e-01
3.165000000000000036e+00 7.298773609409445751e-01
3.174999999999999822e+00 7.259597603998602100e-01
3.185000000000000053e+00 7.060307400370012809e-01
3.195000000000000284e+00 7.913135532426657237e-01
3.205000000000000071e+00 7.183753099929395258e-01
3.214999999999999858e+00 7.368793289936855784e-01
3.225000000000000089e+00 7.362292677836372867e-01
3.235000000000000320e+00 7.394616419904160853e-01
3.245000000000000107e+00 7.143001188818551839e-01
3.254999999999999893e+00 7.316827650042048159e-01
3.265000000000000124e+00 7.278438822222181859e-01
3.275000000000000355e+00 7.234058235623586075e-01
3.285000000000000142e+00 7.246647666599749238e-01
3.294999999999999929e+00 7.233963454614907862e-01
3.305000000000000160e+00 7.277182641921922102e-01
3.315000000000000391e+00 7.677713601198842275e-01
3.325000000000000178e+00 6.993589658120258346e-01
3.334999999999999964e+00 7.287101615339115490e-01
3.344999999999999751e+00 7.013256348452030497e-01
3.354999999999999982e+00 7.441500397354375851e-01
3.365000000000000213e+00 6.954096055722112091e-01
3.375000000000000000e+00 7.264251652106967772e-01
3.384999999999999787e+00 7.298344124106406205e-01
3.395000000000000018e+00 7.314256387360091871e-01
3.405000000000000249e+00 6.627874668709097250e-01
3.415000000000000036e+00 7.124153765375439429e-01
3.424999999999999822e+00 6.735710103574947816e-01
3.435000000000000053e+00 6.823007547062686085e-01
3.445000000000000284e+00 7.183489188675926673e-01
3.455000000000000071e+00 7.045376407882590897e-01
3.464999999999999858e+00 7.202484422459770608e-01
3.475000000000000089e+00 6.739850304082222188e-01
3.485000000000000320e+00 7.175896845459029949e-01
3.495000000000000107e+00 7.506905647918653557e-01
3.504999999999999893e+00 7.519339445107193765e-01
3.515000000000000124e+00 7.482105479887656285e-01
3.525000000000000355e+00 7.576172499536069083e-01
3.535000000000000142e+00 7.869874351524217548e-01
3.544999999999999929e+00 8.305863222109320931e-01
3.555000000000000160e+00 8.232368179929104857e-01
3.565000000000000391e+00 8.341008179950107904e-01
3.575000000000000178e+00 8.628734137828075745e-01
3.584999999999999964e+00 9.092547909446569987e-01
3.594999999999999751e+00 9.551074677953855785e-01
3.604999999999999982e+00 1.028097567959808556e+00
3.615000000000000213e+00 1.010999625144594738e+00
3.625000000000000000e+00 1.038978115465137853e+00
3.634999999999999787e+00 1.101538131547221466e+00
3.645000000000000018e+00 1.108774949622604034e+00
3.655000000000000249e+00 1.183439776556907130e+00
3.665000000000000036e+00 1.247175721922146208e+00
3.674999999999999822e+00 1.270528725753515387e+00
3.685000000000000053e+00 1.324077479792476142e+00
3.695000000000000284e+00 1.403357189287959272e+00
3.705000000000000071e+00 1.423460735766586716e+00
3.714999999999999858e+00 1.538665058141623909e+00
3.725000000000000089e+00 1.518195006391787949e+00
3.735000000000000320e+00 1.583003396569928833e+00
3.745000000000000107e+00 1.668376696835539574e+00
3.754999999999999893e+00 1.718667240918502426e+00
3.765000000000000124e+00 1.770314513791122479e+00
3.775000000000000355e+00 1.851374841032154883e+00
3.785000000000000142e+00 1.902202877660870151e+00
3.794999999999999929e+00 1.936929528277681722e+00
3.805000000000000160e+00 2.019047890267325229e+00
3.815000000000000391e+00 2.119851924870120641e+00
3.825000000000000178e+00 2.168119251885361365e+00
3.834999999999999964e+00 2.281339131513505869e+00
3.844999999999999751e+00 2.277286973855061625e+00
3.854999999999999982e+00 2.372281319855510606e+00
3.865000000000000213e+00 2.412688385285651105e+00
3.875000000000000000e+00 2.489233737704558358e+00
3.884999999999999787e+00 2.544289356742839736e+00
3.895000000000000018e+00 2.546888773676352802e+00
3.905000000000000249e+00 2.645943567740964397e+00
3.915000000000000036e+00 2.612088796986244521e+00
3.924999999999999822e+00 2.716342503125531049e+00
3.935000000000000053e+00 2.743727424155295580e+00
3.945000000000000284e+00 2.767749540420884280e+00
3.955000000000000071e+00 2.800165857044353501e+00
3.964999999999999858e+00 2.730407098726360005e+00
3.975000000000000089e+00 2.800818350549112434e+00
3.985000000000000320e+00 2.795321042215107799e+00
3.995000000000000107e+00 2.830639494167272563e+00
4.004999999999999893e+00 2.823287023274154262e+00
4.015000000000000568e+00 2.880765626446067262e+00
4.025000000000000355e+00 2.802834862693062146e+00
4.035000000000000142e+00 2.809371571672427237e+00
4.044999999999999929e+00 2.799228807086626247e+00
4.054999999999999716e+00 2.767290657575099733e+00
4.065000000000000391e+00 2.714699693641934086e+00
4.075000000000000178e+00 2.664224738801437731e+00
4.084999999999999964e+00 2.626404037123141411e+00
4.094999999999999751e+00 2.567484392797929615e+00
4.105000000000000426e+00 2.510716952463623031e+00
4.115000000000000213e+00 2.469290072214319398e+00
4.125000000000000000e+00 2.399137544203363781e+00
4.134999999999999787e+00 2.325270580317226887e+00
4.144999999999999574e+00 2.232349817041753948e+00
4.155000000000000249e+00 2.149724198078780013e+00
4.165000000000000036e+00 2.085459275639214738e+00
4.174999999999999822e+00 1.915559254739971129e+00
4.185000000000000497e+00 1.840971089056069987e+00
4.195000000000000284e+00 1.793278900973142020e+00
4.205000000000000071e+00 1.672756799714377962e+00
4.214999999999999858e+00 1.583897215892035026e+00
4.224999999999999645e+00 1.474582025177137323e+00
4.235000000000000320e+00 1.395398517566815544e+00
4.245000000000000107e+00 1.360603656819203255e+00
4.254999999999999893e+00 1.234340595313639044e+00
4.265000000000000568e+00 1.183443625397091026e+00
4.275000000000000355e+00 1.074744035489971550e+00
4.285000000000000142e+00 1.050895042575814564e+00
4.294999999999999929e+00 9.673268392492188061e-01
4.304999999999999716e+00 9.269741110777993676e-01
4.315000000000000391e+00 8.895344811301683086e-01
4.325000000000000178e+00 8.654837619854496289e-01
4.334999999999999964e+00 7.990577030934147285e-01
4.345000000000000639e+00 7.723917544168624749e-01
4.355000000000000426e+00 7.359491078126408903e-01
4.365000000000000213e+00 7.343607626085371098e-01
4.375000000000000000e+00 7.090383196493751372e-01
4.384999999999999787e+00 6.659498547969163740e-01
4.394999999999999574e+00 6.453665966024655365e-01
4.405000000000000249e+00 6.354491295042571375e-01
4.415000000000000036e+00 6.343135509161241803e-01
4.424999999999999822e+00 6.328353557486344760e-01
4.435000000000000497e+00 6.041233078939950429e-01
4.445000000000000284e+00 6.069004634265880993e-01
4.455000000000000071e+00 6.007616395516583996e-01
4.464999999999999858e+00 6.161043349859863794e-01
4.474999999999999645e+00 6.092896846690075696e-01
4.485000000000000320e+00 5.826363626448491928e-01
4.495000000000000107e+00 5.827322741568534692e-01
4.504999999999999893e+00 5.878343937508245798e-01
4.515000000000000568e+00 5.785792009900397881e-01
4.525000000000000355e+00 5.740373370705679212e-01
4.535000000000000142e+00 5.863486371945879627e-01
4.544999999999999929e+00 5.499532631515653414e-01
4.554999999999999716e+00 5.625781434307154383e-01
4.565000000000000391e+00 5.497013890397287605e-01
4.575000000000000178e+00 5.398480656558639623e-01
4.584999999999999964e+00 5.245907292425214807e-01
4.595000000000000639e+00 5.239160226004289100e-01
4.605000000000000426e+00 5.302784872837802421e-01
4.615000000000000213e+00 5.133344124073135895e-01
4.625000000000000000e+00 5.092145680422655030e-01
4.634999999999999787e+00 5.142808595643520997e-01
4.644999999999999574e+00 4.734043995437356989e-01
4.655000000000000249e+00 4.673036705356901077e-01
4.665000000000000036e+00 4.662373410147200858e-01
4.674999999999999822e+00 4.890708060240552824e-01
4.685000000000000497e+00 4.536131358372029188e-01
4.695000000000000284e+00 4.707593945792728496e-01
4.705000000000000071e+00 4.531350719593933984e-01
4.714999999999999858e+00 4.362660349512817448e-01
4.724999999999999645e+00 4.453578428409006307e-01
4.735000000000000320e+00 4.334958902594792107e-01
4.745000000000000107e+00 4.443225432549402498e-01
4.754999999999999893e+00 4.235575390683316566e-01
4.765000000000000568e+00 4.131189654301837266e-01
4.775000000000000355e+00 3.983020931088933070e-01
4.785000000000000142e+00 4.016747845984476317e-01
4.794999999999999929e+00 4.200601964120964649e-01
4.804999999999999716e+00 3.886438732135077956e-01
4.815000000000000391e+00 4.332526639210208530e-01
4.825000000000000178e+00 3.842633166860663918e-01
4.834999999999999964e+00 3.838359557610917516e-01
4.845000000000000639e+00 3.862981359846653362e-01
4.855000000000000426e+00 3.956425555034094876e-01
4.865000000000000213e+00 3.848478749099483731e-01
4.875000000000000000e+00 3.918321499401919428e-01
4.884999999999999787e+00 3.868189659698256233e-01
4.894999999999999574e+00 3.906181917976164208e-01
4.905000000000000249e+00 4.067870131726021854e-01
4.915000000000000036e+00 3.905340075580178705e-01
4.924999999999999822e+00 4.068452938278326880e-01
4.935000000000000497e+00 4.235782713728573623e-01
4.945000000000000284e+00 4.215894848435628450e-01
4.955000000000000071e+00 4.331491989056118763e-01
4.964999999999999858e+00 4.407606161416873780e-01
4.974999999999999645e+00 4.477593444195152594e-01
4.985000000000000320e+00 4.503315718012270708e-01
4.995000000000000107e+00 4.678306404068712787e-01
5.004999999999999893e+00 4.719195849770450035e-01
5.015000000000000568e+00 4.840624075840009310e-01
5.025000000000000355e+00 5.033571398938589958e-01
5.035000000000000142e+00 5.125961434612530399e-01
5.044999999999999929e+00 5.284198860680804355e-01
5.054999999999999716e+00 5.664099525054474560e-01
5.065000000000000391e+00 5.628537231525272411e-01
5.075000000000000178e+00 5.856544822229045044e-01
5.084999999999999964e+00 5.951567501247294611e-01
5.095000000000000639e+00 6.071926835656028532e-01
5.105000000000000426e+00 6.165273556368354724e-01
5.115000000000000213e+00 6.296729292301269654e-01
5.125000000000000000e+00 6.478757226904680033e-01
5.134999999999999787e+00 6.386671940707765449e-01
5.144999999999999574e+00 6.502788740203545581e-01
5.155000000000000249e+00 6.781300679489553618e-01
5.165000000000000036e+00 6.818626599990227355e-01
5.174999999999999822e+00 7.111401226202382908e-01
5.185000000000000497e+00 7.119316089977996143e-01
5.195000000000000284e+00 7.255284854295791508e-01
5.205000000000000071e+00 7.535356722052608536e-01
5.214999999999999858e+00 7.461596375877056486e-01
5.224999999999999645e+00 7.423125331921788250e-01
5.235000000000000320e+00 7.352720712471620956e-01
5.245000000000000107e+00 7.610697054389812255e-01
5.254999999999999893e+00 7.898586716522368878e-01
5.265000000000000568e+00 7.565219370217621808e-01
5.275000000000000355e+00 7.592624381572327108e-01
5.285000000000000142e+00 7.627052674636038976e-01
5.294999999999999929e+00 7.673262276675216764e-01
5.304999999999999716e+00 7.610621835893366383e-01
5.315000000000000391e+00 7.716460347407414488e-01
5.325000000000000178e+00 7.761653869613202028e-01
5.334999999999999964e+00 7.489525927429212526e-01
5.345000000000000639e+00 7.368941164859023063e-01
5.355000000000000426e+00 7.197170613546063356e-01
5.365000000000000213e+00 7.168009192350777159e-01
5.375000000000000000e+00 7.207094809578091787e-01
5.384999999999999787e+00 7.044697507804348335e-01
5.394999999999999574e+00 6.869472337615790680e-01
5.405000000000000249e+00 6.827825704836100185e-01
5.415000000000000036e+00 6.624527243997385684e-01
5.424999999999999822e+00 6.530992125438881413e-01
5.435000000000000497e+00 6.463356366648792539e-01
5.445000000000000284e+00 6.412186268262863864e-01
5.455000000000000071e+00 6.108352408085904184e-01
5.464999999999999858e+00 5.838490059417049682e-01
5.474999999999999645e+00 5.937100290550523241e-01
5.485000000000000320e+00 5.811770432272861386e-01
5.495000000000000107e+00 5.509864986554822153e-01
5.504999999999999893e+00 5.353346217977404953e-01
5.515000000000000568e+00 5.244753568032497482e-01
5.525000000000000355e+00 5.088030679010417945e-01
5.535000000000000142e+00 4.797361715301199370e-01
5.544999999999999929e+00 4.938895044204420492e-01
5.554999999999999716e+00 4.699139948549591606e-01
5.565000000000000391e+00 4.520205308357044260e-01
5.575000000000000178e+00 4.532372114462873691e-01
5.584999999999999964e+00 4.479191926166565252e-01
5.595000000000000639e+00 4.302866471236908019e-01
5.605000000000000426e+00 4.157993977432226651e-01
5.615000000000000213e+00 4.098021817823216395e-01
5.625000000000000000e+00 4.184210910748984991e-01
5.634999999999999787e+00 4.133062158570549038e-01
5.644999999999999574e+00 3.858768460918201582e-01
5.655000000000000249e+00 3.908759283720693589e-01
5.665000000000000036e+00 3.785075676140583489e-01
5.674999999999999822e+00 3.824396590153263387e-01
5.685000000000000497e+00 3.712322564318153439e-01
5.695000000000000284e+00 3.866591260280466402e-01
5.705000000000000071e+00 3.765526133859815605e-01
5.714999999999999858e+00 3.916408913779225176e-01
5.724999999999999645e+00 3.751678667828382552e-01
5.735000000000000320e+00 3.961314581451289007e-01
5.745000000000000107e+00 4.009184253174921664e-01
5.754999999999999893e+00 3.933829401057469810e-01
5.765000000000000568e+00 4.189566993661140715e-01
5.775000000000000355e+00 4.358098157291299679e-01
5.785000000000000142e+00 4.146462259795413163e-01
5.794999999999999929e+00 4.273538267549987224e-01
5.804999999999999716e+00 4.240713202195044440e-01
5.815000000000000391e+00 4.609240841465445104e-01
5.825000000000000178e+00 4.417527175442505505e-01
5.834999999999999964e+00 4.701204012294244450e-01
5.845000000000000639e+00 4.754614418569194645e-01
5.855000000000000426e+00 4.777956075800741664e-01
5.865000000000000213e+00 4.994338497929518561e-01
5.875000000000000000e+00 5.000930996699167741e-01
5.884999999999999787e+00 5.128866345195803866e-01
5.894999999999999574e+00 5.090011766350891476e-01
5.905000000000000249e+00 5.347043957139461234e-01
5.915000000000000036e+00 5.398766201560157851e-01
5.924999999999999822e+00 5.394081745054007948e-01
5.935000000000000497e+00 5.495299180295990515e-01
5.945000000000000284e+00 5.664889658906367975e-01
5.955000000000000071e+00 5.538776565679538466e-01
5.964999999999999858e+00 5.672713516514463761e-01
5.974999999999999645e+00 5.693636599769809070e-01
5.985000000000000320e+00 5.644331176934306304e-01
5.995000000000000107e+00 5.438691477370728444e-01
6.004999999999999893e+00 5.727170274978201636e-01
6.015000000000000568e+00 5.751258844113412705e-01
6.025000000000000355e+00 5.745262021495458615e-01
6.035000000000000142e+00 5.638715005275755088e-01
6.044999999999999929e+00 5.746285036965209647e-01
6.054999999999999716e+00 5.583027460876119896e-01
6.065000000000000391e+00 5.728731485665514711e-01
6.075000000000000178e+00 5.538976308830478867e-01
6.084999999999999964e+00 5.412714802173590467e-01
6.095000000000000639e+00 5.509987839046982527e-01
6.105000000000000426e+00 5.511968943034646351e-01
6.115000000000000213e+00 5.181984899203260220e-01
6.125000000000000000e+00 5.479646924343478664e-01
6.134999999999999787e+00 5.259976294947615871e-01
6.145000000000000462e+00 5.210540558180840609e-01
6.155000000000000249e+00 5.019965372971609829e-01
6.165000000000000036e+00 5.216046813554863215e-01
6.174999999999999822e+00 5.023074226542068033e-01
6.185000000000000497e+00 4.790543238456962394e-01
6.195000000000000284e+00 4.958883131674000633e-01
6.205000000000000071e+00 4.942912507395487709e-01
6.214999999999999858e+00 4.848003996926735781e-01
6.224999999999999645e+00 4.716924086356337753e-01
6.235000000000000320e+00 4.616318375563936427e-01
6.245000000000000107e+00 4.702411504922482388e-01
6.254999999999999893e+00 4.661385317497668823e-01
6.265000000000000568e+00 4.440887819640707557e-01
6.275000000000000355e+00 4.464639190894459375e-01
6.285000000000000142e+00 4.515688907040465438e-01
6.294999999999999929e+00 4.372987807540116845e-01
6.304999999999999716e+00 4.374482366287034685e-01
6.315000000000000391e+00 4.379346969196404871e-01
6.325000000000000178e+00 4.195975805475846698e-01
6.334999999999999964e+00 4.306108984129632944e-01
6.345000000000000639e+00 4.396996164699475407e-01
6.355000000000000426e+00 4.347902265976553160e-01
6.365000000000000213e+00 4.203671106129630020e-01
6.375000000000000000e+00 4.407444539992977361e-01
6.384999999999999787e+00 4.290504604537113686e-01
6.395000000000000462e+00 4.432989420653427048e-01
6.405000000000000249e+00 4.503474096621202238e-01
6.415000000000000036e+00 4.413631652656355708e-01
6.424999999999999822e+00 4.643064620456835434e-01
6.435000000000000497e+00 4.608990632445699176e-01
6.445000000000000284e+00 4.679604800094997463e-01
6.455000000000000071e+00 4.793708717889372806e-01
6.464999999999999858e+00 4.705868369350503788e-01
6.474999999999999645e+00 4.990619495022528551e-01
6.485000000000000320e+00 4.954274738944301482e-01
6.495000000000000107e+00 5.045142819176819948e-01
6.504999999999999893e+00 5.236406694040683929e-01
6.515000000000000568e+00 5.391319566950897313e-01
6.525000000000000355e+00 5.691815596994714843e-01
6.535000000000000142e+00 5.639470457639159662e-01
6.544999999999999929e+00 5.975323625547553918e-01
6.554999999999999716e+00 6.244385820366957773e-01
6.565000000000000391e+00 6.259997448383415319e-01
6.575000000000000178e+00 6.598672776389776784e-01
6.584999999999999964e+00 6.742878016039106637e-01
6.595000000000000639e+00 6.699054514540476735e-01
6.605000000000000426e+00 7.230686543078626016e-01
6.615000000000000213e+00 7.370036924952445556e-01
6.625000000000000000e+00 7.576505935432552574e-01
6.634999999999999787e+00 7.981978945739742759e-01
6.645000000000000462e+00 7.991764829607648224e-01
6.655000000000000249e+00 8.368986882951120476e-01
6.665000000000000036e+00 8.441606874296144758e-01
6.674999999999999822e+00 8.997819157799631373e-01
6.685000000000000497e+00 9.131792394788980083e-01
6.695000000000000284e+00 9.487356489896239253e-01
6.705000000000000071e+00 9.822656855873178605e-01
6.714999999999999858e+00 9.918265982082146159e-01
6.724999999999999645e+00 1.024571149378737056e+00
6.735000000000000320e+00 1.050986616442265653e+00
6.745000000000000107e+00 1.091105341375230076e+00
6.754999999999999893e+00 1.084607198348650714e+00
6.765000000000000568e+00 1.118452620182310175e+00
6.775000000000000355e+00 1.149581698819312603e+00
6.785000000000000142e+00 1.216764711141645527e+00
6.794999999999999929e+00 1.209954356758354166e+00
6.804999999999999716e+00 1.235400213104486999e+00
6.815000000000000391e+00 1.225936073408632643e+00
6.825000000000000178e+00 1.262241736111312296e+00
6.834999999999999964e+00 1.315896415181668777e+00
6.845000000000000639e+00 1.292367778638854325e+00
6.855000000000000426e+00 1.335219320480777183e+00
6.865000000000000213e+00 1.343708675333545433e+00
6.875000000000000000e+00 1.327318578881621747e+00
6.884999999999999787e+00 1.352796558875545729e+00
6.895000000000000462e+00 1.379833208524070765e+00
6.905000000000000249e+00 1.382240721070511436e+00
6.915000000000000036e+00 1.388316350043014680e+00
6.924999999999999822e+00 1.413585526155649807e+00
6.935000000000000497e+00 1.416703901684267519e+00
6.945000000000000284e+00 1.400815325421441271e+00
6.955000000000000071e+00 1.404782069659058497e+00
6.964999999999999858e+00 1.407322179265160900e+00
6.974999999999999645e+00 1.420994667435315106e+00
6.985000000000000320e+00 1.431802946618803585e+00
6.995000000000000107e+00 1.431177404435730827e+00
7.004999999999999893e+00 1.408158384858329670e+00
7.015000000000000568e+00 1.432951666643357935e+00
7.025000000000000355e+00 1.421041399459183729e+00
7.035000000000000142e+00 1.433997441697736130e+00
7.044999999999999929e+00 1.439904982383822807e+00
7.054999999999999716e+00 1.419882911084025201e+00
7.065000000000000391e+00 1.437063502041945329e+00
7.075000000000000178e+00 1.388425871982999160e+00
7.084999999999999964e+00 1.434906681033199627e+00
7.095000000000000639e+00 1.427765833554061725e+00
7.105000000000000426e+00 1.411657754893222760e+00
7.115000000000000213e+00 1.429530617039244555e+00
7.125000000000000000e+00 1.429795942258313746e+00
7.134999999999999787e+00 1.407272418894696120e+00
7.145000000000000462e+00 1.407454466750498678e+00
7.155000000000000249e+00 1.423925387072697335e+00
7.165000000000000036e+00 1.397230008286495240e+00
7.174999999999999822e+00 1.379373006294833059e+00
7.185000000000000497e+00 1.389068104943295578e+00
7.195000000000000284e+00 1.421238397536044973e+00
7.205000000000000071e+00 1.385678584314547601e+00
7.214999999999999858e+00 1.365554075775864629e+00
7.224999999999999645e+00 1.380356332835814825e+00
7.235000000000000320e+00 1.383021656295700952e+00
7.245000000000000107e+00 1.396908438970920541e+00
7.254999999999999893e+00 1.387519408777213359e+00
7.265000000000000568e+00 1.384216306710077671e+00
7.275000000000000355e+00 1.382848334805768076e+00
7.285000000000000142e+00 1.393495545098773825e+00
7.294999999999999929e+00 1.380246702905976175e+00
7.304999999999999716e+00 1.366429645495343070e+00
7.315000000000000391e+00 1.394003643932158809e+00
7.325000000000000178e+00 1.361885412071701884e+00
7.334999999999999964e+00 1.382756329414081442e+00
7.345000000000000639e+00 1.400365680800279566e+00
7.355000000000000426e+00 1.392799069491980068e+00
7.365000000000000213e+00 1.376890983118131295e+00
7.375000000000000000e+00 1.385379845793706988e+00
7.384999999999999787e+00 1.400035670490565876e+00
7.395000000000000462e+00 1.398980300284480061e+00
7.405000000000000249e+00 1.410665418758462630e+00
7.415000000000000036e+00 1.423886070090709888e+00
7.424999999999999822e+00 1.399508446701103637e+00
7.435000000000000497e+00 1.412432467042852080e+00
7.445000000000000284e+00 1.422834790629690538e+00
7.455000000000000071e+00 1.442572931663537616e+00
7.464999999999999858e+00 1.423253703760972932e+00
7.474999999999999645e+00 1.420904806137283094e+00
7.485000000000000320e+00 1.454759860081957790e+00
7.495000000000000107e+00 1.479374120020148897e+00
7.504999999999999893e+00 1.431362804832707836e+00
7.515000000000000568e+00 1.449172890108041845e+00
7.525000000000000355e+00 1.437179133776904427e+00
7.535000000000000142e+00 1.450927198747009594e+00
7.544999999999999929e+00 1.479966535323812504e+00
7.554999999999999716e+00 1.445750760814656255e+00
7.565000000000000391e+00 1.486965499839757676e+00
7.575000000000000178e+00 1.456329149676487189e+00
7.584999999999999964e+00 1.481845640284835675e+00
7.595000000000000639e+00 1.477240585240146231e+00
7.605000000000000426e+00 1.490362116045798047e+00
7.615000000000000213e+00 1.503877514312324415e+00
7.625000000000000000e+00 1.481854154355584319e+00
7.634999999999999787e+00 1.489377109921321551e+00
7.645000000000000462e+00 1.479100878281828457e+00
7.655000000000000249e+00 1.493410387175188259e+00
7.665000000000000036e+00 1.499674907774494192e+00
7.674999999999999822e+00 1.466754502679322503e+00
7.685000000000000497e+00 1.518062736415141556e+00
7.695000000000000284e+00 1.510568942288460725e+00
7.705000000000000071e+00 1.510306287181923501e+00
7.714999999999999858e+00 1.497961421081876576e+00
7.724999999999999645e+00 1.505223733695631338e+00
7.735000000000000320e+00 1.507795764873275601e+00
7.745000000000000107e+00 1.521995407375995590e+00
7.754999999999999893e+00 1.470706976825479240e+00
7.765000000000000568e+00 1.511353086383582234e+00
7.775000000000000355e+00 1.487160353669908286e+00
7.785000000000000142e+00 1.498337918134933222e+00
7.794999999999999929e+00 1.493156573940767284e+00
7.804999999999999716e+00 1.474747941799694928e+00
7.815000000000000391e+00 1.483413876873857395e+00
7.825000000000000178e+00 1.478849458286185969e+00
7.834999999999999964e+00 1.471651869573668003e+00
7.845000000000000639e+00 1.513416231963047753e+00
7.855000000000000426e+00 1.486151815709994439e+00
7.865000000000000213e+00 1.494435809869885778e+00
7.875000000000000000e+00 1.479706343191068640e+00
7.884999999999999787e+00 1.481409886319897229e+00
7.895000000000000462e+00 1.462208257728088379e+00
7.905000000000000249e+00 1.477613539879215621e+00
7.915000000000000036e+00 1.478537471048580576e+00
7.925000000000000711e+00 1.452778704096494788e+00
7.935000000000000497e+00 1.452781698182852743e+00
7.945000000000000284e+00 1.461698108822470976e+00
7.955000000000000071e+00 1.462312551847735786e+00
7.964999999999999858e+00 1.466874872643173955e+00
7.974999999999999645e+00 1.455520463373593421e+00
7.985000000000000320e+00 1.445282020115895349e+00
7.995000000000000107e+00 1.453977169254740964e+00
