5.000000000000000104e-03 0.000000000000000000e+00
1.499999999999999944e-02 0.000000000000000000e+00
2.500000000000000139e-02 0.000000000000000000e+00
3.500000000000000333e-02 0.000000000000000000e+00
4.499999999999999833e-02 0.000000000000000000e+00
5.500000000000000028e-02 0.000000000000000000e+00
6.500000000000000222e-02 0.000000000000000000e+00
7.500000000000001110e-02 0.000000000000000000e+00
8.499999999999999223e-02 0.000000000000000000e+00
9.500000000000000111e-02 0.000000000000000000e+00
1.050000000000000100e-01 0.000000000000000000e+00
1.149999999999999911e-01 0.000000000000000000e+00
1.250000000000000000e-01 0.000000000000000000e+00
1.350000000000000089e-01 0.000000000000000000e+00
1.450000000000000178e-01 0.000000000000000000e+00
1.549999999999999989e-01 0.000000000000000000e+00
1.650000000000000078e-01 0.000000000000000000e+00
1.749999999999999889e-01 0.000000000000000000e+00
1.849999999999999978e-01 0.000000000000000000e+00
1.950000000000000067e-01 0.000000000000000000e+00
2.050000000000000155e-01 0.000000000000000000e+00
2.149999999999999967e-01 0.000000000000000000e+00
2.250000000000000056e-01 0.000000000000000000e+00
2.349999999999999867e-01 0.000000000000000000e+00
2.449999999999999956e-01 0.000000000000000000e+00
2.550000000000000044e-01 0.000000000000000000e+00
2.650000000000000133e-01 0.000000000000000000e+00
2.750000000000000222e-01 0.000000000000000000e+00
2.850000000000000311e-01 0.000000000000000000e+00
2.949999999999999845e-01 0.000000000000000000e+00
3.049999999999999933e-01 0.000000000000000000e+00
3.150000000000000022e-01 0.000000000000000000e+00
3.250000000000000111e-01 0.000000000000000000e+00
3.350000000000000200e-01 0.000000000000000000e+00
3.450000000000000289e-01 0.000000000000000000e+00
3.549999999999999822e-01 0.000000000000000000e+00
3.649999999999999911e-01 0.000000000000000000e+00
3.750000000000000000e-01 0.000000000000000000e+00
3.850000000000000089e-01 0.000000000000000000e+00
3.950000000000000178e-01 0.000000000000000000e+00
4.050000000000000266e-01 0.000000000000000000e+00
4.150000000000000355e-01 0.000000000000000000e+00
4.249999999999999889e-01 0.000000000000000000e+00
4.349999999999999978e-01 0.000000000000000000e+00
4.450000000000000067e-01 0.000000000000000000e+00
4.550000000000000155e-01 0.000000000000000000e+00
4.650000000000000244e-01 0.000000000000000000e+00
4.749999999999999778e-01 0.000000000000000000e+00
4.849999999999999867e-01 0.000000000000000000e+00
4.949999999999999956e-01 0.000000000000000000e+00
5.050000000000000044e-01 0.000000000000000000e+00
5.150000000000000133e-01 0.000000000000000000e+00
5.250000000000000222e-01 0.000000000000000000e+00
5.350000000000000311e-01 0.000000000000000000e+00
5.450000000000000400e-01 0.000000000000000000e+00
5.550000000000000488e-01 0.000000000000000000e+00
5.650000000000000577e-01 0.000000000000000000e+00
5.749999999999999556e-01 0.000000000000000000e+00
5.849999999999999645e-01 0.000000000000000000e+00
5.949999999999999734e-01 0.000000000000000000e+00
6.049999999999999822e-01 0.000000000000000000e+00
6.149999999999999911e-01 0.000000000000000000e+00
6.250000000000000000e-01 0.000000000000000000e+00
6.350000000000000089e-01 0.000000000000000000e+00
6.450000000000000178e-01 0.000000000000000000e+00
6.550000000000000266e-01 0.000000000000000000e+00
6.650000000000000355e-01 0.000000000000000000e+00
6.750000000000000444e-01 0.000000000000000000e+00
6.850000000000000533e-01 0.000000000000000000e+00
6.950000000000000622e-01 0.000000000000000000e+00
7.050000000000000711e-01 0.000000000000000000e+00
7.149999999999999689e-01 0.000000000000000000e+00
7.249999999999999778e-01 0.000000000000000000e+00
7.349999999999999867e-01 0.000000000000000000e+00
7.449999999999999956e-01 0.000000000000000000e+00
7.550000000000000044e-01 0.000000000000000000e+00
7.650000000000000133e-01 0.000000000000000000e+00
7.750000000000000222e-01 0.000000000000000000e+00
7.850000000000000311e-01 0.000000000000000000e+00
7.950000000000000400e-01 0.000000000000000000e+00
8.050000000000000488e-01 0.000000000000000000e+00
8.150000000000000577e-01 0.000000000000000000e+00
8.250000000000000666e-01 0.000000000000000000e+00
8.349999999999999645e-01 0.000000000000000000e+00
8.449999999999999734e-01 0.000000000000000000e+00
8.549999999999999822e-01 0.000000000000000000e+00
8.649999999999999911e-01 0.000000000000000000e+00
8.750000000000000000e-01 0.000000000000000000e+00
8.850000000000000089e-01 0.000000000000000000e+00
8.950000000000000178e-01 0.000000000000000000e+00
9.050000000000000266e-01 0.000000000000000000e+00
9.150000000000000355e-01 0.000000000000000000e+00
9.250000000000000444e-01 0.000000000000000000e+00
9.350000000000000533e-01 0.000000000000000000e+00
9.450000000000000622e-01 0.000000000000000000e+00
9.550000000000000711e-01 0.000000000000000000e+00
9.649999999999999689e-01 0.000000000000000000e+00
9.749999999999999778e-01 0.000000000000000000e+00
9.849999999999999867e-01 0.000000000000000000e+00
9.949999999999999956e-01 0.000000000000000000e+00
1.004999999999999893e+00 0.000000000000000000e+00
1.015000000000000124e+00 0.000000000000000000e+00
1.024999999999999911e+00 0.000000000000000000e+00
1.035000000000000142e+00 0.000000000000000000e+00
1.044999999999999929e+00 0.000000000000000000e+00
1.055000000000000160e+00 0.000000000000000000e+00
1.064999999999999947e+00 0.000000000000000000e+00
1.075000000000000178e+00 0.000000000000000000e+00
1.084999999999999964e+00 0.000000000000000000e+00
1.095000000000000195e+00 0.000000000000000000e+00
1.104999999999999982e+00 0.000000000000000000e+00
1.115000000000000213e+00 0.000000000000000000e+00
1.125000000000000000e+00 0.000000000000000000e+00
1.135000000000000231e+00 0.000000000000000000e+00
1.145000000000000018e+00 0.000000000000000000e+00
1.155000000000000027e+00 0.000000000000000000e+00
1.165000000000000036e+00 0.000000000000000000e+00
1.174999999999999822e+00 0.000000000000000000e+00
1.185000000000000053e+00 0.000000000000000000e+00
1.194999999999999840e+00 0.000000000000000000e+00
1.205000000000000071e+00 0.000000000000000000e+00
1.214999999999999858e+00 0.000000000000000000e+00
1.225000000000000089e+00 0.000000000000000000e+00
1.234999999999999876e+00 0.000000000000000000e+00
1.245000000000000107e+00 0.000000000000000000e+00
1.254999999999999893e+00 0.000000000000000000e+00
1.265000000000000124e+00 0.000000000000000000e+00
1.274999999999999911e+00 0.000000000000000000e+00
1.285000000000000142e+00 0.000000000000000000e+00
1.294999999999999929e+00 0.000000000000000000e+00
1.305000000000000160e+00 0.000000000000000000e+00
1.314999999999999947e+00 0.000000000000000000e+00
1.325000000000000178e+00 0.000000000000000000e+00
1.334999999999999964e+00 0.000000000000000000e+00
1.345000000000000195e+00 0.000000000000000000e+00
1.354999999999999982e+00 0.000000000000000000e+00
1.365000000000000213e+00 0.000000000000000000e+00
1.375000000000000000e+00 0.000000000000000000e+00
1.385000000000000231e+00 0.000000000000000000e+00
1.395000000000000018e+00 0.000000000000000000e+00
1.405000000000000027e+00 0.000000000000000000e+00
1.415000000000000036e+00 0.000000000000000000e+00
1.424999999999999822e+00 0.000000000000000000e+00
1.435000000000000053e+00 0.000000000000000000e+00
1.444999999999999840e+00 0.000000000000000000e+00
1.455000000000000071e+00 0.000000000000000000e+00
1.464999999999999858e+00 0.000000000000000000e+00
1.475000000000000089e+00 0.000000000000000000e+00
1.484999999999999876e+00 0.000000000000000000e+00
1.495000000000000107e+00 0.000000000000000000e+00
1.504999999999999893e+00 0.000000000000000000e+00
1.515000000000000124e+00 0.000000000000000000e+00
1.524999999999999911e+00 0.000000000000000000e+00
1.535000000000000142e+00 0.000000000000000000e+00
1.544999999999999929e+00 0.000000000000000000e+00
1.555000000000000160e+00 0.000000000000000000e+00
1.564999999999999947e+00 0.000000000000000000e+00
1.575000000000000178e+00 0.000000000000000000e+00
1.584999999999999964e+00 0.000000000000000000e+00
1.595000000000000195e+00 0.000000000000000000e+00
1.604999999999999982e+00 0.000000000000000000e+00
1.615000000000000213e+00 0.000000000000000000e+00
1.625000000000000000e+00 0.000000000000000000e+00
1.635000000000000231e+00 0.000000000000000000e+00
1.645000000000000018e+00 0.000000000000000000e+00
1.655000000000000249e+00 0.000000000000000000e+00
1.665000000000000036e+00 0.000000000000000000e+00
1.674999999999999822e+00 0.000000000000000000e+00
1.685000000000000053e+00 0.000000000000000000e+00
1.694999999999999840e+00 0.000000000000000000e+00
1.705000000000000071e+00 0.000000000000000000e+00
1.714999999999999858e+00 0.000000000000000000e+00
1.725000000000000089e+00 0.000000000000000000e+00
1.734999999999999876e+00 0.000000000000000000e+00
1.745000000000000107e+00 0.000000000000000000e+00
1.754999999999999893e+00 0.000000000000000000e+00
1.765000000000000124e+00 0.000000000000000000e+00
1.774999999999999911e+00 0.000000000000000000e+00
1.785000000000000142e+00 0.000000000000000000e+00
1.794999999999999929e+00 0.000000000000000000e+00
1.805000000000000160e+00 0.000000000000000000e+00
1.814999999999999947e+00 0.000000000000000000e+00
1.825000000000000178e+00 0.000000000000000000e+00
1.834999999999999964e+00 0.000000000000000000e+00
1.845000000000000195e+00 0.000000000000000000e+00
1.854999999999999982e+00 0.000000000000000000e+00
1.865000000000000213e+00 0.000000000000000000e+00
1.875000000000000000e+00 0.000000000000000000e+00
1.885000000000000231e+00 0.000000000000000000e+00
1.895000000000000018e+00 0.000000000000000000e+00
1.905000000000000249e+00 0.000000000000000000e+00
1.915000000000000036e+00 0.000000000000000000e+00
1.924999999999999822e+00 0.000000000000000000e+00
1.935000000000000053e+00 0.000000000000000000e+00
1.944999999999999840e+00 0.000000000000000000e+00
1.955000000000000071e+00 0.000000000000000000e+00
1.964999999999999858e+00 0.000000000000000000e+00
1.975000000000000089e+00 0.000000000000000000e+00
1.984999999999999876e+00 0.000000000000000000e+00
1.995000000000000107e+00 0.000000000000000000e+00
2.004999999999999893e+00 0.000000000000000000e+00
2.015000000000000124e+00 0.000000000000000000e+00
2.025000000000000355e+00 0.000000000000000000e+00
2.035000000000000142e+00 0.000000000000000000e+00
2.044999999999999929e+00 0.000000000000000000e+00
2.054999999999999716e+00 0.000000000000000000e+00
2.064999999999999947e+00 0.000000000000000000e+00
2.075000000000000178e+00 0.000000000000000000e+00
2.084999999999999964e+00 0.000000000000000000e+00
2.094999999999999751e+00 0.000000000000000000e+00
2.104999999999999982e+00 0.000000000000000000e+00
2.115000000000000213e+00 0.000000000000000000e+00
2.125000000000000000e+00 0.000000000000000000e+00
2.134999999999999787e+00 0.000000000000000000e+00
2.145000000000000018e+00 0.000000000000000000e+00
2.155000000000000249e+00 0.000000000000000000e+00
2.165000000000000036e+00 0.000000000000000000e+00
2.174999999999999822e+00 0.000000000000000000e+00
2.185000000000000053e+00 0.000000000000000000e+00
2.195000000000000284e+00 0.000000000000000000e+00
2.205000000000000071e+00 0.000000000000000000e+00
2.214999999999999858e+00 0.000000000000000000e+00
2.225000000000000089e+00 0.000000000000000000e+00
2.235000000000000320e+00 0.000000000000000000e+00
2.245000000000000107e+00 0.000000000000000000e+00
2.254999999999999893e+00 0.000000000000000000e+00
2.265000000000000124e+00 0.000000000000000000e+00
2.275000000000000355e+00 0.000000000000000000e+00
2.285000000000000142e+00 0.000000000000000000e+00
2.294999999999999929e+00 0.000000000000000000e+00
2.305000000000000160e+00 0.000000000000000000e+00
2.314999999999999947e+00 0.000000000000000000e+00
2.325000000000000178e+00 0.000000000000000000e+00
2.334999999999999964e+00 0.000000000000000000e+00
2.344999999999999751e+00 0.000000000000000000e+00
2.354999999999999982e+00 0.000000000000000000e+00
2.365000000000000213e+00 0.000000000000000000e+00
2.375000000000000000e+00 0.000000000000000000e+00
2.384999999999999787e+00 0.000000000000000000e+00
2.395000000000000018e+00 0.000000000000000000e+00
2.405000000000000249e+00 0.000000000000000000e+00
2.415000000000000036e+00 0.000000000000000000e+00
2.424999999999999822e+00 0.000000000000000000e+00
2.435000000000000053e+00 0.000000000000000000e+00
2.445000000000000284e+00 0.000000000000000000e+00
2.455000000000000071e+00 0.000000000000000000e+00
2.464999999999999858e+00 0.000000000000000000e+00
2.475000000000000089e+00 0.000000000000000000e+00
2.485000000000000320e+00 0.000000000000000000e+00
2.495000000000000107e+00 0.000000000000000000e+00
2.504999999999999893e+00 0.000000000000000000e+00
2.515000000000000124e+00 0.000000000000000000e+00
2.525000000000000355e+00 0.000000000000000000e+00
2.535000000000000142e+00 0.000000000000000000e+00
2.544999999999999929e+00 0.000000000000000000e+00
2.555000000000000160e+00 0.000000000000000000e+00
2.564999999999999947e+00 0.000000000000000000e+00
2.575000000000000178e+00 0.000000000000000000e+00
2.584999999999999964e+00 0.000000000000000000e+00
2.594999999999999751e+00 0.000000000000000000e+00
2.604999999999999982e+00 0.000000000000000000e+00
2.615000000000000213e+00 0.000000000000000000e+00
2.625000000000000000e+00 0.000000000000000000e+00
2.634999999999999787e+00 0.000000000000000000e+00
2.645000000000000018e+00 0.000000000000000000e+00
2.655000000000000249e+00 0.000000000000000000e+00
2.665000000000000036e+00 0.000000000000000000e+00
2.674999999999999822e+00 0.000000000000000000e+00
2.685000000000000053e+00 0.000000000000000000e+00
2.695000000000000284e+00 0.000000000000000000e+00
2.705000000000000071e+00 0.000000000000000000e+00
2.714999999999999858e+00 0.000000000000000000e+00
2.725000000000000089e+00 0.000000000000000000e+00
2.735000000000000320e+00 0.000000000000000000e+00
2.745000000000000107e+00 0.000000000000000000e+00
2.754999999999999893e+00 0.000000000000000000e+00
2.765000000000000124e+00 0.000000000000000000e+00
2.775000000000000355e+00 0.000000000000000000e+00
2.785000000000000142e+00 0.000000000000000000e+00
2.794999999999999929e+00 0.000000000000000000e+00
2.805000000000000160e+00 0.000000000000000000e+00
2.814999999999999947e+00 0.000000000000000000e+00
2.825000000000000178e+00 0.000000000000000000e+00
2.834999999999999964e+00 0.000000000000000000e+00
2.844999999999999751e+00 0.000000000000000000e+00
2.854999999999999982e+00 0.000000000000000000e+00
2.865000000000000213e+00 0.000000000000000000e+00
2.875000000000000000e+00 0.000000000000000000e+00
2.884999999999999787e+00 0.000000000000000000e+00
2.895000000000000018e+00 0.000000000000000000e+00
2.905000000000000249e+00 0.000000000000000000e+00
2.915000000000000036e+00 0.000000000000000000e+00
2.924999999999999822e+00 0.000000000000000000e+00
2.935000000000000053e+00 0.000000000000000000e+00
2.945000000000000284e+00 0.000000000000000000e+00
2.955000000000000071e+00 0.000000000000000000e+00
2.964999999999999858e+00 0.000000000000000000e+00
2.975000000000000089e+00 0.000000000000000000e+00
2.985000000000000320e+00 0.000000000000000000e+00
2.995000000000000107e+00 0.000000000000000000e+00
3.004999999999999893e+00 0.000000000000000000e+00
3.015000000000000124e+00 0.000000000000000000e+00
3.025000000000000355e+00 0.000000000000000000e+00
3.035000000000000142e+00 0.000000000000000000e+00
3.044999999999999929e+00 0.000000000000000000e+00
3.055000000000000160e+00 0.000000000000000000e+00
3.065000000000000391e+00 0.000000000000000000e+00
3.075000000000000178e+00 0.000000000000000000e+00
3.084999999999999964e+00 0.000000000000000000e+00
3.094999999999999751e+00 0.000000000000000000e+00
3.104999999999999982e+00 0.000000000000000000e+00
3.115000000000000213e+00 0.000000000000000000e+00
3.125000000000000000e+00 0.000000000000000000e+00
3.134999999999999787e+00 0.000000000000000000e+00
3.145000000000000018e+00 0.000000000000000000e+00
3.155000000000000249e+00 0.000000000000000000e+00
3.165000000000000036e+00 0.000000000000000000e+00
3.174999999999999822e+00 0.000000000000000000e+00
3.185000000000000053e+00 0.000000000000000000e+00
3.195000000000000284e+00 0.000000000000000000e+00
3.205000000000000071e+00 0.000000000000000000e+00
3.214999999999999858e+00 0.000000000000000000e+00
3.225000000000000089e+00 0.000000000000000000e+00
3.235000000000000320e+00 0.000000000000000000e+00
3.245000000000000107e+00 0.000000000000000000e+00
3.254999999999999893e+00 0.000000000000000000e+00
3.265000000000000124e+00 0.000000000000000000e+00
3.275000000000000355e+00 0.000000000000000000e+00
3.285000000000000142e+00 0.000000000000000000e+00
3.294999999999999929e+00 0.000000000000000000e+00
3.305000000000000160e+00 0.000000000000000000e+00
3.315000000000000391e+00 0.000000000000000000e+00
3.325000000000000178e+00 0.000000000000000000e+00
3.334999999999999964e+00 0.000000000000000000e+00
3.344999999999999751e+00 0.000000000000000000e+00
3.354999999999999982e+00 9.640810231390283327e-03
3.365000000000000213e+00 4.791797454416614130e-03
3.375000000000000000e+00 0.000000000000000000e+00
3.384999999999999787e+00 0.000000000000000000e+00
3.395000000000000018e+00 0.000000000000000000e+00
3.405000000000000249e+00 0.000000000000000000e+00
3.415000000000000036e+00 0.000000000000000000e+00
3.424999999999999822e+00 0.000000000000000000e+00
3.435000000000000053e+00 0.000000000000000000e+00
3.445000000000000284e+00 0.000000000000000000e+00
3.455000000000000071e+00 0.000000000000000000e+00
3.464999999999999858e+00 9.038411824263242397e-03
3.475000000000000089e+00 8.986467072109630486e-03
3.485000000000000320e+00 4.467484417406400107e-03
3.495000000000000107e+00 8.883912009371188606e-03
3.504999999999999893e+00 8.833291565471005150e-03
3.515000000000000124e+00 8.783102544255502742e-03
3.525000000000000355e+00 3.493336022840839300e-02
3.535000000000000142e+00 3.473599713776206327e-02
3.544999999999999929e+00 2.158768868644397876e-02
3.555000000000000160e+00 2.575969182767907581e-02
3.565000000000000391e+00 2.134615017261703995e-02
3.575000000000000178e+00 3.820841684647118680e-02
3.584999999999999964e+00 5.066074285007955702e-02
3.594999999999999751e+00 2.938792208601186465e-02
3.604999999999999982e+00 5.845021706167438658e-02
3.615000000000000213e+00 8.303898358477164454e-02
3.625000000000000000e+00 6.606517574741066490e-02
3.634999999999999787e+00 8.623411281450754640e-02
3.645000000000000018e+00 1.184326833851031963e-01
3.655000000000000249e+00 1.015392343678169912e-01
3.665000000000000036e+00 1.494591148538280678e-01
3.674999999999999822e+00 1.406118747869503360e-01
3.685000000000000053e+00 1.917939465259565768e-01
3.695000000000000284e+00 1.708866807486930928e-01
3.705000000000000071e+00 2.569245340501996044e-01
3.714999999999999858e+00 2.358860517112678079e-01
3.725000000000000089e+00 3.245593960863319971e-01
3.735000000000000320e+00 3.344921181941372668e-01
3.745000000000000107e+00 3.713951603390418521e-01
3.754999999999999893e+00 4.002046304069952209e-01
3.765000000000000124e+00 4.746356750488631149e-01
3.775000000000000355e+00 5.368511107157508677e-01
3.785000000000000142e+00 5.529549430333241533e-01
3.794999999999999929e+00 5.764166648703822338e-01
3.805000000000000160e+00 6.858204434689939566e-01
3.815000000000000391e+00 7.977987459612325694e-01
3.825000000000000178e+00 7.899241405201317123e-01
3.834999999999999964e+00 7.489174751521999740e-01
3.844999999999999751e+00 9.468816104022657054e-01
3.854999999999999982e+00 1.066111805152457404e+00
3.865000000000000213e+00 1.093291989418112120e+00
3.875000000000000000e+00 1.098496906205314039e+00
3.884999999999999787e+00 1.283378735933866199e+00
3.895000000000000018e+00 1.384091213498681361e+00
3.905000000000000249e+00 1.547803599888814219e+00
3.915000000000000036e+00 1.585926858952854346e+00
3.924999999999999822e+00 1.697604001953330277e+00
3.935000000000000053e+00 1.913250540981853653e+00
3.945000000000000284e+00 1.830349247326045425e+00
3.955000000000000071e+00 2.268576612582232421e+00
3.964999999999999858e+00 2.122547468120349112e+00
3.975000000000000089e+00 2.317918634937196742e+00
3.985000000000000320e+00 2.446386391108959391e+00
3.995000000000000107e+00 2.505547283832793681e+00
4.004999999999999893e+00 2.699395590322330118e+00
4.015000000000000568e+00 2.823966537856872350e+00
4.025000000000000355e+00 3.014251084598961850e+00
4.035000000000000142e+00 3.012659431544334687e+00
4.044999999999999929e+00 3.044207960794340639e+00
4.054999999999999716e+00 3.263497344273988521e+00
4.065000000000000391e+00 3.116117338090348188e+00
4.075000000000000178e+00 3.509277779515859841e+00
4.084999999999999964e+00 3.677453377884583929e+00
4.094999999999999751e+00 3.533324457385430772e+00
4.105000000000000426e+00 3.622387395346682748e+00
4.115000000000000213e+00 3.681705489666508679e+00
4.125000000000000000e+00 3.982751676637316773e+00
4.134999999999999787e+00 3.938124585702734493e+00
4.144999999999999574e+00 4.039151782134610791e+00
4.155000000000000249e+00 3.944303901445714633e+00
4.165000000000000036e+00 4.131821077044473434e+00
4.174999999999999822e+00 3.778978566328377031e+00
4.185000000000000497e+00 3.776430387142363010e+00
4.195000000000000284e+00 3.764613863035815911e+00
4.205000000000000071e+00 3.970735700674900226e+00
4.214999999999999858e+00 3.829755813407783815e+00
4.224999999999999645e+00 3.845083765728583014e+00
4.235000000000000320e+00 3.597027289727791288e+00
4.245000000000000107e+00 3.799904431326881493e+00
4.254999999999999893e+00 3.623229814225649825e+00
4.265000000000000568e+00 3.591344990492999933e+00
4.275000000000000355e+00 3.366739602888474181e+00
4.285000000000000142e+00 3.386504657411271602e+00
4.294999999999999929e+00 3.238394070736267061e+00
4.304999999999999716e+00 3.340473622549606336e+00
4.315000000000000391e+00 3.164732011490131836e+00
4.325000000000000178e+00 3.031187369165630141e+00
4.334999999999999964e+00 2.930600067352541860e+00
4.345000000000000639e+00 2.957362289469587235e+00
4.355000000000000426e+00 2.700625686200710973e+00
4.365000000000000213e+00 2.497467334203343103e+00
4.375000000000000000e+00 2.449211826794842839e+00
4.384999999999999787e+00 2.370329991650041546e+00
4.394999999999999574e+00 2.275285933614786149e+00
4.405000000000000249e+00 2.141931939275075969e+00
4.415000000000000036e+00 2.051515466923460540e+00
4.424999999999999822e+00 1.889846579619348654e+00
4.435000000000000497e+00 1.790301492343391532e+00
4.445000000000000284e+00 1.601008914831225649e+00
4.455000000000000071e+00 1.599297197441275076e+00
4.464999999999999858e+00 1.458782655118668892e+00
4.474999999999999645e+00 1.403499974023550534e+00
4.485000000000000320e+00 1.305537034815310138e+00
4.495000000000000107e+00 1.176206157053925505e+00
4.504999999999999893e+00 1.082764886726931053e+00
4.515000000000000568e+00 1.024740620499898114e+00
4.525000000000000355e+00 9.433689186249147873e-01
4.535000000000000142e+00 9.629572669337440605e-01
4.544999999999999929e+00 8.484055116320267098e-01
4.554999999999999716e+00 7.662307775721074465e-01
4.565000000000000391e+00 5.832237354406122343e-01
4.575000000000000178e+00 6.351153713598398642e-01
4.584999999999999964e+00 6.220239397168397799e-01
4.595000000000000639e+00 4.522831145440858180e-01
4.605000000000000426e+00 4.682314266486455323e-01
4.615000000000000213e+00 3.617542757411341681e-01
4.625000000000000000e+00 3.804841106168858067e-01
4.634999999999999787e+00 3.384340585960622927e-01
4.644999999999999574e+00 2.363878542210419986e-01
4.655000000000000249e+00 2.679249443928672370e-01
4.665000000000000036e+00 2.568045247300329570e-01
4.674999999999999822e+00 2.184681773102379043e-01
4.685000000000000497e+00 1.903444766183358394e-01
4.695000000000000284e+00 1.796885532250296347e-01
4.705000000000000071e+00 1.323558830875307402e-01
4.714999999999999858e+00 1.342357030619328595e-01
4.724999999999999645e+00 1.628320625939445598e-01
4.735000000000000320e+00 1.573048589915765350e-01
4.745000000000000107e+00 1.735117185863359890e-01
4.754999999999999893e+00 1.247874902637577804e-01
4.765000000000000568e+00 1.840067120065026762e-01
4.775000000000000355e+00 1.927556059257377608e-01
4.785000000000000142e+00 1.682531546105592024e-01
4.794999999999999929e+00 1.935108769988309607e-01
4.804999999999999716e+00 2.491080910695802064e-01
4.815000000000000391e+00 2.153098991531879336e-01
4.825000000000000178e+00 2.190796164881894659e-01
4.834999999999999964e+00 2.204953336193724300e-01
4.845000000000000639e+00 3.097319385007937798e-01
4.855000000000000426e+00 3.130611639183342176e-01
4.865000000000000213e+00 3.736720989445813101e-01
4.875000000000000000e+00 4.041036593702198032e-01
4.884999999999999787e+00 4.229144903476124151e-01
4.894999999999999574e+00 4.800640965860561438e-01
4.905000000000000249e+00 5.728282818896240913e-01
4.915000000000000036e+00 5.996985191545118887e-01
4.924999999999999822e+00 6.979284215768181143e-01
4.935000000000000497e+00 7.151538467360274431e-01
4.945000000000000284e+00 7.344532604379963026e-01
4.955000000000000071e+00 8.441989488874680481e-01
4.964999999999999858e+00 9.772669841044153705e-01
4.974999999999999645e+00 9.601889491101477381e-01
4.985000000000000320e+00 1.052411236888201040e+00
4.995000000000000107e+00 1.283068345566782176e+00
5.004999999999999893e+00 1.256286215888404278e+00
5.015000000000000568e+00 1.253438479359574531e+00
5.025000000000000355e+00 1.544989471008258786e+00
5.035000000000000142e+00 1.611627958356256940e+00
5.044999999999999929e+00 1.737416871993890277e+00
5.054999999999999716e+00 1.749659984496677589e+00
5.065000000000000391e+00 1.895037805334577330e+00
5.075000000000000178e+00 1.942350477012654730e+00
5.084999999999999964e+00 2.155049739543753784e+00
5.095000000000000639e+00 2.136147754230795837e+00
5.105000000000000426e+00 2.279771901806111778e+00
5.115000000000000213e+00 2.523876343756490837e+00
5.125000000000000000e+00 2.402485342332448592e+00
5.134999999999999787e+00 2.551582184930367703e+00
5.144999999999999574e+00 2.625712332923795689e+00
5.155000000000000249e+00 2.699248625753915221e+00
5.165000000000000036e+00 2.766094608795438781e+00
5.174999999999999822e+00 2.658164788825505997e+00
5.185000000000000497e+00 2.803325315089847170e+00
5.195000000000000284e+00 2.943328583772508278e+00
5.205000000000000071e+00 2.751782095973497544e+00
5.214999999999999858e+00 2.854958399433173089e+00
5.224999999999999645e+00 2.891739587134190437e+00
5.235000000000000320e+00 2.914360118144254663e+00
5.245000000000000107e+00 2.997929257576291473e+00
5.254999999999999893e+00 2.860781656531484973e+00
5.265000000000000568e+00 2.898858961783259414e+00
5.275000000000000355e+00 2.743582023723214025e+00
5.285000000000000142e+00 2.775946073748462251e+00
5.294999999999999929e+00 2.628068139148788340e+00
5.304999999999999716e+00 2.525627512354733373e+00
5.315000000000000391e+00 2.562229770613936530e+00
5.325000000000000178e+00 2.474161714245885157e+00
5.334999999999999964e+00 2.442019144266451391e+00
5.345000000000000639e+00 2.284751603434382439e+00
5.355000000000000426e+00 2.043495041111994315e+00
5.365000000000000213e+00 2.165954651416447607e+00
5.375000000000000000e+00 2.109072956653080588e+00
5.384999999999999787e+00 2.039500739311219224e+00
5.394999999999999574e+00 1.895862514886094585e+00
5.405000000000000249e+00 1.794132507547547828e+00
5.415000000000000036e+00 1.617272852305506881e+00
5.424999999999999822e+00 1.450921892087621679e+00
5.435000000000000497e+00 1.432729794951632885e+00
5.445000000000000284e+00 1.352438288190155102e+00
5.455000000000000071e+00 1.170615595818253807e+00
5.464999999999999858e+00 1.070049208867099866e+00
5.474999999999999645e+00 1.075194381886283690e+00
5.485000000000000320e+00 9.774956010215333224e-01
5.495000000000000107e+00 9.110482016089017643e-01
5.504999999999999893e+00 9.059508984269454279e-01
5.515000000000000568e+00 6.707575991769452184e-01
5.525000000000000355e+00 6.967713628548765081e-01
5.535000000000000142e+00 5.384025699867336368e-01
5.544999999999999929e+00 6.017555015895336146e-01
5.554999999999999716e+00 4.694744120721200953e-01
5.565000000000000391e+00 4.450124605901896180e-01
5.575000000000000178e+00 3.718421802139979526e-01
5.584999999999999964e+00 3.461589100221927895e-01
5.595000000000000639e+00 2.946575227030309718e-01
5.605000000000000426e+00 2.918799510637782868e-01
5.615000000000000213e+00 2.460964283249217621e-01
5.625000000000000000e+00 2.160699076862180878e-01
5.634999999999999787e+00 1.708759548763017777e-01
5.644999999999999574e+00 1.787846391159012283e-01
5.655000000000000249e+00 1.204652888308927888e-01
5.665000000000000036e+00 9.637043597543863693e-02
5.674999999999999822e+00 9.603110380561057091e-02
5.685000000000000497e+00 1.108030703199539418e-01
5.695000000000000284e+00 4.851536897701828888e-02
5.705000000000000071e+00 8.502128736108492679e-02
5.714999999999999858e+00 5.648267362396337116e-02
5.724999999999999645e+00 4.635278662953985773e-02
5.735000000000000320e+00 5.443972147335451872e-02
5.745000000000000107e+00 3.781086122932781485e-02
5.754999999999999893e+00 2.457363498838606788e-02
5.765000000000000568e+00 2.122333011888741239e-02
5.775000000000000355e+00 2.114989306384951889e-02
5.785000000000000142e+00 2.594072185991265142e-02
5.794999999999999929e+00 1.615704448979201138e-02
5.804999999999999716e+00 6.440570596594277948e-03
5.815000000000000391e+00 1.283687614681412043e-02
5.825000000000000178e+00 6.396419439554759320e-03
5.834999999999999964e+00 6.374513914975246665e-03
5.845000000000000639e+00 7.940900907839991418e-03
5.855000000000000426e+00 9.496558659976629332e-03
5.865000000000000213e+00 1.577367073961158687e-03
5.875000000000000000e+00 6.288007540053963326e-03
5.884999999999999787e+00 0.000000000000000000e+00
5.894999999999999574e+00 3.122706605123246049e-03
5.905000000000000249e+00 1.556069540091512948e-03
5.915000000000000036e+00 1.550812553410458238e-03
5.924999999999999822e+00 0.000000000000000000e+00
5.935000000000000497e+00 0.000000000000000000e+00
5.945000000000000284e+00 1.535200449568121465e-03
5.955000000000000071e+00 0.000000000000000000e+00
5.964999999999999858e+00 0.000000000000000000e+00
5.974999999999999645e+00 0.000000000000000000e+00
5.985000000000000320e+00 0.000000000000000000e+00
5.995000000000000107e+00 1.509699230359674892e-03
6.004999999999999893e+00 0.000000000000000000e+00
6.015000000000000568e+00 0.000000000000000000e+00
6.025000000000000355e+00 0.000000000000000000e+00
6.035000000000000142e+00 0.000000000000000000e+00
6.044999999999999929e+00 0.000000000000000000e+00
6.054999999999999716e+00 0.000000000000000000e+00
6.065000000000000391e+00 1.475051557300422183e-03
6.075000000000000178e+00 0.000000000000000000e+00
6.084999999999999964e+00 0.000000000000000000e+00
6.095000000000000639e+00 0.000000000000000000e+00
6.105000000000000426e+00 0.000000000000000000e+00
6.115000000000000213e+00 0.000000000000000000e+00
6.125000000000000000e+00 0.000000000000000000e+00
6.134999999999999787e+00 0.000000000000000000e+00
6.145000000000000462e+00 0.000000000000000000e+00
6.155000000000000249e+00 0.000000000000000000e+00
6.165000000000000036e+00 0.000000000000000000e+00
6.174999999999999822e+00 0.000000000000000000e+00
6.185000000000000497e+00 0.000000000000000000e+00
6.195000000000000284e+00 0.000000000000000000e+00
6.205000000000000071e+00 0.000000000000000000e+00
6.214999999999999858e+00 0.000000000000000000e+00
6.224999999999999645e+00 0.000000000000000000e+00
6.235000000000000320e+00 0.000000000000000000e+00
6.245000000000000107e+00 0.000000000000000000e+00
6.254999999999999893e+00 0.000000000000000000e+00
6.265000000000000568e+00 0.000000000000000000e+00
6.275000000000000355e+00 0.000000000000000000e+00
6.285000000000000142e+00 0.000000000000000000e+00
6.294999999999999929e+00 0.000000000000000000e+00
6.304999999999999716e+00 0.000000000000000000e+00
6.315000000000000391e+00 0.000000000000000000e+00
6.325000000000000178e+00 0.000000000000000000e+00
6.334999999999999964e+00 0.000000000000000000e+00
6.345000000000000639e+00 0.000000000000000000e+00
6.355000000000000426e+00 0.000000000000000000e+00
6.365000000000000213e+00 0.000000000000000000e+00
6.375000000000000000e+00 0.000000000000000000e+00
6.384999999999999787e+00 0.000000000000000000e+00
6.395000000000000462e+00 0.000000000000000000e+00
6.405000000000000249e+00 0.000000000000000000e+00
6.415000000000000036e+00 0.000000000000000000e+00
6.424999999999999822e+00 0.000000000000000000e+00
6.435000000000000497e+00 0.000000000000000000e+00
6.445000000000000284e+00 0.000000000000000000e+00
6.455000000000000071e+00 0.000000000000000000e+00
6.464999999999999858e+00 0.000000000000000000e+00
6.474999999999999645e+00 0.000000000000000000e+00
6.485000000000000320e+00 0.000000000000000000e+00
6.495000000000000107e+00 0.000000000000000000e+00
6.504999999999999893e+00 0.000000000000000000e+00
6.515000000000000568e+00 0.000000000000000000e+00
6.525000000000000355e+00 0.000000000000000000e+00
6.535000000000000142e+00 0.000000000000000000e+00
6.544999999999999929e+00 0.000000000000000000e+00
6.554999999999999716e+00 0.000000000000000000e+00
6.565000000000000391e+00 0.000000000000000000e+00
6.575000000000000178e+00 0.000000000000000000e+00
6.584999999999999964e+00 0.000000000000000000e+00
6.595000000000000639e+00 0.000000000000000000e+00
6.605000000000000426e+00 0.000000000000000000e+00
6.615000000000000213e+00 0.000000000000000000e+00
6.625000000000000000e+00 0.000000000000000000e+00
6.634999999999999787e+00 0.000000000000000000e+00
6.645000000000000462e+00 0.000000000000000000e+00
6.655000000000000249e+00 0.000000000000000000e+00
6.665000000000000036e+00 0.000000000000000000e+00
6.674999999999999822e+00 0.000000000000000000e+00
6.685000000000000497e+00 0.000000000000000000e+00
6.695000000000000284e+00 0.000000000000000000e+00
6.705000000000000071e+00 0.000000000000000000e+00
6.714999999999999858e+00 1.203307974774904055e-03
6.724999999999999645e+00 0.000000000000000000e+00
6.735000000000000320e+00 1.196171991967296278e-03
6.745000000000000107e+00 1.192627781254521286e-03
6.754999999999999893e+00 1.189099299272194802e-03
6.765000000000000568e+00 0.000000000000000000e+00
6.775000000000000355e+00 2.364178300913753316e-03
6.785000000000000142e+00 1.178607299810287626e-03
6.794999999999999929e+00 3.525422430763688452e-03
6.804999999999999716e+00 0.000000000000000000e+00
6.815000000000000391e+00 2.336507108342837560e-03
6.825000000000000178e+00 0.000000000000000000e+00
6.834999999999999964e+00 4.645706673192122153e-03
6.845000000000000639e+00 6.948213863649754969e-03
6.855000000000000426e+00 5.773297245620050491e-03
6.865000000000000213e+00 4.605191990004654443e-03
6.875000000000000000e+00 1.033156083021370512e-02
6.884999999999999787e+00 0.000000000000000000e+00
6.895000000000000462e+00 1.597821746843423527e-02
6.905000000000000249e+00 1.137997917933939764e-02
6.915000000000000036e+00 5.673544544515793549e-03
6.924999999999999822e+00 1.357720965592220004e-02
6.935000000000000497e+00 1.466625580083255262e-02
6.945000000000000284e+00 1.799883172595307182e-02
6.955000000000000071e+00 1.682541654447420112e-02
6.964999999999999858e+00 1.677713704667388103e-02
6.974999999999999645e+00 1.561379405010843505e-02
6.985000000000000320e+00 1.668119937808314884e-02
6.995000000000000107e+00 1.663353884089953383e-02
7.004999999999999893e+00 3.870085863371931084e-02
7.015000000000000568e+00 4.079577698628776561e-02
7.025000000000000355e+00 4.397807038945249214e-02
7.035000000000000142e+00 5.043110268967573168e-02
7.044999999999999929e+00 5.138125399794223752e-02
7.054999999999999716e+00 6.104678926733620586e-02
7.065000000000000391e+00 7.717965858167784299e-02
7.075000000000000178e+00 7.045783677477891749e-02
7.084999999999999964e+00 8.322999204486355995e-02
7.095000000000000639e+00 1.110200100829052544e-01
7.105000000000000426e+00 1.107077177150485869e-01
7.115000000000000213e+00 1.350484406724984376e-01
7.125000000000000000e+00 1.400136560910776318e-01
7.134999999999999787e+00 1.577402768125835686e-01
7.145000000000000462e+00 1.562362141682637762e-01
7.155000000000000249e+00 1.557998004463613806e-01
7.165000000000000036e+00 1.965845548723813285e-01
7.174999999999999822e+00 1.907671550253025872e-01
7.185000000000000497e+00 2.186143314693695106e-01
7.195000000000000284e+00 2.284881789549098596e-01
7.205000000000000071e+00 2.717529186662510643e-01
7.214999999999999858e+00 2.918463056710177139e-01
7.224999999999999645e+00 3.263794341193116400e-01
7.235000000000000320e+00 3.109660834841373456e-01
7.245000000000000107e+00 3.628266484719586682e-01
7.254999999999999893e+00 4.009992942157027951e-01
7.265000000000000568e+00 4.471846219226764396e-01
7.275000000000000355e+00 4.418553478278461899e-01
7.285000000000000142e+00 5.152764157958782398e-01
7.294999999999999929e+00 5.210017102012586276e-01
7.304999999999999716e+00 5.205930451073319531e-01
7.315000000000000391e+00 6.165151594913639288e-01
7.325000000000000178e+00 6.876421609123870571e-01
7.334999999999999964e+00 6.898024099328884384e-01
7.345000000000000639e+00 6.919483532745074328e-01
7.355000000000000426e+00 7.703085320873818143e-01
7.365000000000000213e+00 8.032280853206389404e-01
7.375000000000000000e+00 8.090319027461360113e-01
7.384999999999999787e+00 8.864322490013104572e-01
7.395000000000000462e+00 8.671693492543515180e-01
7.405000000000000249e+00 9.598214510798483978e-01
7.415000000000000036e+00 9.532869747605480226e-01
7.424999999999999822e+00 9.891040709807377151e-01
7.435000000000000497e+00 1.058097428403192763e+00
7.445000000000000284e+00 1.060151412626044065e+00
7.455000000000000071e+00 1.074882191192998881e+00
7.464999999999999858e+00 1.106082577371277686e+00
7.474999999999999645e+00 1.138083330116450131e+00
7.485000000000000320e+00 1.103084950076291815e+00
7.495000000000000107e+00 1.206390778359693661e+00
7.504999999999999893e+00 1.132856167903265376e+00
7.515000000000000568e+00 1.126961001141449037e+00
7.525000000000000355e+00 1.138340735679281623e+00
7.535000000000000142e+00 1.202217300196764649e+00
7.544999999999999929e+00 1.133266920302697267e+00
7.554999999999999716e+00 1.199662996727604902e+00
7.565000000000000391e+00 1.195545386338046967e+00
7.575000000000000178e+00 1.160240802956285844e+00
7.584999999999999964e+00 1.193964410883437965e+00
7.595000000000000639e+00 1.245378245691151520e+00
7.605000000000000426e+00 1.096692620132213580e+00
7.615000000000000213e+00 1.180832741055936053e+00
7.625000000000000000e+00 1.093746717408325519e+00
7.634999999999999787e+00 1.134630542610165493e+00
7.645000000000000462e+00 1.096386717245152687e+00
7.655000000000000249e+00 1.039820113026574511e+00
7.665000000000000036e+00 1.015867846079250958e+00
7.674999999999999822e+00 1.039013472971050067e+00
7.685000000000000497e+00 9.618952628953192363e-01
7.695000000000000284e+00 9.126640379249663093e-01
7.705000000000000071e+00 9.102965579625996728e-01
7.714999999999999858e+00 8.413926010397517752e-01
7.724999999999999645e+00 8.592186217712906027e-01
7.735000000000000320e+00 8.397677637907845494e-01
7.745000000000000107e+00 7.724740081117896784e-01
7.754999999999999893e+00 7.668742766975890079e-01
7.765000000000000568e+00 7.226058519595215390e-01
7.775000000000000355e+00 6.776649216270271836e-01
7.785000000000000142e+00 5.872938527427089550e-01
7.794999999999999929e+00 5.634637351613210887e-01
7.804999999999999716e+00 5.709276344216243082e-01
7.815000000000000391e+00 5.303776520399419159e-01
7.825000000000000178e+00 5.130724807715986158e-01
7.834999999999999964e+00 4.339826233998023697e-01
7.845000000000000639e+00 4.672602361846153740e-01
7.855000000000000426e+00 4.432074053951699510e-01
7.865000000000000213e+00 4.105038644279421778e-01
7.875000000000000000e+00 3.989629519557293391e-01
7.884999999999999787e+00 3.595527971509853704e-01
7.895000000000000462e+00 3.229523819717938782e-01
7.905000000000000249e+00 3.507894050895860594e-01
7.915000000000000036e+00 3.135274596292516036e-01
7.925000000000000711e+00 2.747245241374773328e-01
7.935000000000000497e+00 3.050550729779668568e-01
7.945000000000000284e+00 2.785005511664102040e-01
7.955000000000000071e+00 2.958064089049949330e-01
7.964999999999999858e+00 2.856562684718723655e-01
7.974999999999999645e+00 2.840872235641623833e-01
7.985000000000000320e+00 2.748663236902534335e-01
7.995000000000000107e+00 3.183194561602731287e-01
