5.000000000000000104e-03 0.000000000000000000e+00
1.499999999999999944e-02 0.000000000000000000e+00
2.500000000000000139e-02 0.000000000000000000e+00
3.500000000000000333e-02 0.000000000000000000e+00
4.499999999999999833e-02 0.000000000000000000e+00
5.500000000000000028e-02 0.000000000000000000e+00
6.500000000000000222e-02 0.000000000000000000e+00
7.500000000000001110e-02 0.000000000000000000e+00
8.499999999999999223e-02 0.000000000000000000e+00
9.500000000000000111e-02 0.000000000000000000e+00
1.050000000000000100e-01 0.000000000000000000e+00
1.149999999999999911e-01 0.000000000000000000e+00
1.250000000000000000e-01 0.000000000000000000e+00
1.350000000000000089e-01 0.000000000000000000e+00
1.450000000000000178e-01 0.000000000000000000e+00
1.549999999999999989e-01 0.000000000000000000e+00
1.650000000000000078e-01 0.000000000000000000e+00
1.749999999999999889e-01 0.000000000000000000e+00
1.849999999999999978e-01 0.000000000000000000e+00
1.950000000000000067e-01 0.000000000000000000e+00
2.050000000000000155e-01 0.000000000000000000e+00
2.149999999999999967e-01 0.000000000000000000e+00
2.250000000000000056e-01 0.000000000000000000e+00
2.349999999999999867e-01 0.000000000000000000e+00
2.449999999999999956e-01 0.000000000000000000e+00
2.550000000000000044e-01 0.000000000000000000e+00
2.650000000000000133e-01 0.000000000000000000e+00
2.750000000000000222e-01 0.000000000000000000e+00
2.850000000000000311e-01 0.000000000000000000e+00
2.949999999999999845e-01 0.000000000000000000e+00
3.049999999999999933e-01 0.000000000000000000e+00
3.150000000000000022e-01 0.000000000000000000e+00
3.250000000000000111e-01 0.000000000000000000e+00
3.350000000000000200e-01 0.000000000000000000e+00
3.450000000000000289e-01 0.000000000000000000e+00
3.549999999999999822e-01 0.000000000000000000e+00
3.649999999999999911e-01 0.000000000000000000e+00
3.750000000000000000e-01 0.000000000000000000e+00
3.850000000000000089e-01 0.000000000000000000e+00
3.950000000000000178e-01 0.000000000000000000e+00
4.050000000000000266e-01 0.000000000000000000e+00
4.150000000000000355e-01 0.000000000000000000e+00
4.249999999999999889e-01 0.000000000000000000e+00
4.349999999999999978e-01 0.000000000000000000e+00
4.450000000000000067e-01 0.000000000000000000e+00
4.550000000000000155e-01 0.000000000000000000e+00
4.650000000000000244e-01 0.000000000000000000e+00
4.749999999999999778e-01 0.000000000000000000e+00
4.849999999999999867e-01 0.000000000000000000e+00
4.949999999999999956e-01 0.000000000000000000e+00
5.050000000000000044e-01 0.000000000000000000e+00
5.150000000000000133e-01 0.000000000000000000e+00
5.250000000000000222e-01 0.000000000000000000e+00
5.350000000000000311e-01 0.000000000000000000e+00
5.450000000000000400e-01 0.000000000000000000e+00
5.550000000000000488e-01 0.000000000000000000e+00
5.650000000000000577e-01 0.000000000000000000e+00
5.749999999999999556e-01 0.000000000000000000e+00
5.849999999999999645e-01 0.000000000000000000e+00
5.949999999999999734e-01 0.000000000000000000e+00
6.049999999999999822e-01 0.000000000000000000e+00
6.149999999999999911e-01 0.000000000000000000e+00
6.250000000000000000e-01 0.000000000000000000e+00
6.350000000000000089e-01 0.000000000000000000e+00
6.450000000000000178e-01 0.000000000000000000e+00
6.550000000000000266e-01 0.000000000000000000e+00
6.650000000000000355e-01 0.000000000000000000e+00
6.750000000000000444e-01 0.000000000000000000e+00
6.850000000000000533e-01 0.000000000000000000e+00
6.950000000000000622e-01 0.000000000000000000e+00
7.050000000000000711e-01 0.000000000000000000e+00
7.149999999999999689e-01 0.000000000000000000e+00
7.249999999999999778e-01 0.000000000000000000e+00
7.349999999999999867e-01 0.000000000000000000e+00
7.449999999999999956e-01 0.000000000000000000e+00
7.550000000000000044e-01 0.000000000000000000e+00
7.650000000000000133e-01 0.000000000000000000e+00
7.750000000000000222e-01 0.000000000000000000e+00
7.850000000000000311e-01 0.000000000000000000e+00
7.950000000000000400e-01 0.000000000000000000e+00
8.050000000000000488e-01 0.000000000000000000e+00
8.150000000000000577e-01 0.000000000000000000e+00
8.250000000000000666e-01 0.000000000000000000e+00
8.349999999999999645e-01 0.000000000000000000e+00
8.449999999999999734e-01 0.000000000000000000e+00
8.549999999999999822e-01 0.000000000000000000e+00
8.649999999999999911e-01 0.000000000000000000e+00
8.750000000000000000e-01 0.000000000000000000e+00
8.850000000000000089e-01 0.000000000000000000e+00
8.950000000000000178e-01 0.000000000000000000e+00
9.050000000000000266e-01 0.000000000000000000e+00
9.150000000000000355e-01 0.000000000000000000e+00
9.250000000000000444e-01 0.000000000000000000e+00
9.350000000000000533e-01 0.000000000000000000e+00
9.450000000000000622e-01 0.000000000000000000e+00
9.550000000000000711e-01 0.000000000000000000e+00
9.649999999999999689e-01 0.000000000000000000e+00
9.749999999999999778e-01 0.000000000000000000e+00
9.849999999999999867e-01 0.000000000000000000e+00
9.949999999999999956e-01 0.000000000000000000e+00
1.004999999999999893e+00 0.000000000000000000e+00
1.015000000000000124e+00 0.000000000000000000e+00
1.024999999999999911e+00 0.000000000000000000e+00
1.035000000000000142e+00 0.000000000000000000e+00
1.044999999999999929e+00 0.000000000000000000e+00
1.055000000000000160e+00 0.000000000000000000e+00
1.064999999999999947e+00 0.000000000000000000e+00
1.075000000000000178e+00 0.000000000000000000e+00
1.084999999999999964e+00 0.000000000000000000e+00
1.095000000000000195e+00 0.000000000000000000e+00
1.104999999999999982e+00 0.000000000000000000e+00
1.115000000000000213e+00 0.000000000000000000e+00
1.125000000000000000e+00 0.000000000000000000e+00
1.135000000000000231e+00 0.000000000000000000e+00
1.145000000000000018e+00 0.000000000000000000e+00
1.155000000000000027e+00 0.000000000000000000e+00
1.165000000000000036e+00 0.000000000000000000e+00
1.174999999999999822e+00 0.000000000000000000e+00
1.185000000000000053e+00 0.000000000000000000e+00
1.194999999999999840e+00 0.000000000000000000e+00
1.205000000000000071e+00 0.000000000000000000e+00
1.214999999999999858e+00 0.000000000000000000e+00
1.225000000000000089e+00 0.000000000000000000e+00
1.234999999999999876e+00 0.000000000000000000e+00
1.245000000000000107e+00 0.000000000000000000e+00
1.254999999999999893e+00 0.000000000000000000e+00
1.265000000000000124e+00 0.000000000000000000e+00
1.274999999999999911e+00 0.000000000000000000e+00
1.285000000000000142e+00 0.000000000000000000e+00
1.294999999999999929e+00 0.000000000000000000e+00
1.305000000000000160e+00 0.000000000000000000e+00
1.314999999999999947e+00 0.000000000000000000e+00
1.325000000000000178e+00 0.000000000000000000e+00
1.334999999999999964e+00 0.000000000000000000e+00
1.345000000000000195e+00 0.000000000000000000e+00
1.354999999999999982e+00 0.000000000000000000e+00
1.365000000000000213e+00 0.000000000000000000e+00
1.375000000000000000e+00 0.000000000000000000e+00
1.385000000000000231e+00 0.000000000000000000e+00
1.395000000000000018e+00 0.000000000000000000e+00
1.405000000000000027e+00 0.000000000000000000e+00
1.415000000000000036e+00 0.000000000000000000e+00
1.424999999999999822e+00 0.000000000000000000e+00
1.435000000000000053e+00 0.000000000000000000e+00
1.444999999999999840e+00 0.000000000000000000e+00
1.455000000000000071e+00 0.000000000000000000e+00
1.464999999999999858e+00 0.000000000000000000e+00
1.475000000000000089e+00 0.000000000000000000e+00
1.484999999999999876e+00 0.000000000000000000e+00
1.495000000000000107e+00 0.000000000000000000e+00
1.504999999999999893e+00 0.000000000000000000e+00
1.515000000000000124e+00 0.000000000000000000e+00
1.524999999999999911e+00 0.000000000000000000e+00
1.535000000000000142e+00 0.000000000000000000e+00
1.544999999999999929e+00 0.000000000000000000e+00
1.555000000000000160e+00 0.000000000000000000e+00
1.564999999999999947e+00 0.000000000000000000e+00
1.575000000000000178e+00 0.000000000000000000e+00
1.584999999999999964e+00 0.000000000000000000e+00
1.595000000000000195e+00 0.000000000000000000e+00
1.604999999999999982e+00 0.000000000000000000e+00
1.615000000000000213e+00 0.000000000000000000e+00
1.625000000000000000e+00 0.000000000000000000e+00
1.635000000000000231e+00 0.000000000000000000e+00
1.645000000000000018e+00 0.000000000000000000e+00
1.655000000000000249e+00 0.000000000000000000e+00
1.665000000000000036e+00 0.000000000000000000e+00
1.674999999999999822e+00 4.834794341957836944e-03
1.685000000000000053e+00 9.555157025212122207e-03
1.694999999999999840e+00 3.304960651086270157e-02
1.705000000000000071e+00 6.065997941300125401e-02
1.714999999999999858e+00 7.840221998096287559e-02
1.725000000000000089e+00 1.595502713583525356e-01
1.734999999999999876e+00 3.154327610016659511e-01
1.745000000000000107e+00 4.454683637488895398e-01
1.754999999999999893e+00 7.530947354419426087e-01
1.765000000000000124e+00 9.797174756075569535e-01
1.774999999999999911e+00 1.657569641159726270e+00
1.785000000000000142e+00 2.324470205285909419e+00
1.794999999999999929e+00 3.439544600811700548e+00
1.805000000000000160e+00 4.250882852360655662e+00
1.814999999999999947e+00 5.884191377858571492e+00
1.825000000000000178e+00 7.098710756309214887e+00
1.834999999999999964e+00 9.148562094329649952e+00
1.845000000000000195e+00 1.098631077151086366e+01
1.854999999999999982e+00 1.279977474529847115e+01
1.865000000000000213e+00 1.529529277397018205e+01
1.875000000000000000e+00 1.687270920484850834e+01
1.885000000000000231e+00 1.853040717202052790e+01
1.895000000000000018e+00 1.952144612113422184e+01
1.905000000000000249e+00 2.079347241265699608e+01
1.915000000000000036e+00 2.144241389422544941e+01
1.924999999999999822e+00 2.201455430092065413e+01
1.935000000000000053e+00 2.264258620858342752e+01
1.944999999999999840e+00 2.198366341172731708e+01
1.955000000000000071e+00 2.145057326578439216e+01
1.964999999999999858e+00 2.022456086744490378e+01
1.975000000000000089e+00 1.942213495883283159e+01
1.984999999999999876e+00 1.842825531478713330e+01
1.995000000000000107e+00 1.670688624010153589e+01
2.004999999999999893e+00 1.559585557800692435e+01
2.015000000000000124e+00 1.403494151133872947e+01
2.025000000000000355e+00 1.261649351847168887e+01
2.035000000000000142e+00 1.118914955908120845e+01
2.044999999999999929e+00 1.003556289661173473e+01
2.054999999999999716e+00 8.723970213304358623e+00
2.064999999999999947e+00 7.475423809480429505e+00
2.075000000000000178e+00 6.297739164439719595e+00
2.084999999999999964e+00 5.594692948834005364e+00
2.094999999999999751e+00 4.839848824572359653e+00
2.104999999999999982e+00 3.939875040390484973e+00
2.115000000000000213e+00 3.214350494171540173e+00
2.125000000000000000e+00 3.018952704995940373e+00
2.134999999999999787e+00 2.493769929602767554e+00
2.145000000000000018e+00 1.978226696421090836e+00
2.155000000000000249e+00 1.644454965131750379e+00
2.165000000000000036e+00 1.250190202794026151e+00
2.174999999999999822e+00 1.029399798361025464e+00
2.185000000000000053e+00 9.148737123571567542e-01
2.195000000000000284e+00 6.390943450494344091e-01
2.205000000000000071e+00 5.886720840272779975e-01
2.214999999999999858e+00 4.506592851938259758e-01
2.225000000000000089e+00 3.644179806003122191e-01
2.235000000000000320e+00 3.231469787278599126e-01
2.245000000000000107e+00 2.556813875039487538e-01
2.254999999999999893e+00 2.080701194192276504e-01
2.265000000000000124e+00 1.877284733816289297e-01
2.275000000000000355e+00 1.493895683181439837e-01
2.285000000000000142e+00 1.221050635131430417e-01
2.294999999999999929e+00 7.726167259904191675e-02
2.305000000000000160e+00 8.935820199314238599e-02
2.314999999999999947e+00 6.580813753941648636e-02
2.325000000000000178e+00 4.014970111113614487e-02
2.334999999999999964e+00 3.731863440989847958e-02
2.344999999999999751e+00 1.726714777007895898e-02
2.354999999999999982e+00 1.956664787293047048e-02
2.365000000000000213e+00 2.182672064884454144e-02
2.375000000000000000e+00 1.683368082058048221e-02
2.384999999999999787e+00 1.907750174187622730e-02
2.395000000000000018e+00 7.094446306708889101e-03
2.405000000000000249e+00 1.172595262153397662e-02
2.415000000000000036e+00 9.303235580841116500e-03
2.424999999999999822e+00 6.919999631018940688e-03
2.435000000000000053e+00 0.000000000000000000e+00
2.445000000000000284e+00 4.538168126287238889e-03
2.455000000000000071e+00 4.501272654520591110e-03
2.464999999999999858e+00 2.232412651303937023e-03
2.475000000000000089e+00 4.428818842876198689e-03
2.485000000000000320e+00 6.589869289175116947e-03
2.495000000000000107e+00 4.358100411438325418e-03
2.504999999999999893e+00 0.000000000000000000e+00
2.515000000000000124e+00 0.000000000000000000e+00
2.525000000000000355e+00 0.000000000000000000e+00
2.535000000000000142e+00 6.332477889612655661e-03
2.544999999999999929e+00 4.188541101309185485e-03
2.555000000000000160e+00 2.077909145522409406e-03
2.564999999999999947e+00 2.061738728262490702e-03
2.575000000000000178e+00 6.137269013541721448e-03
2.584999999999999964e+00 4.059918140823752866e-03
2.594999999999999751e+00 2.014344077933709343e-03
2.604999999999999982e+00 0.000000000000000000e+00
2.615000000000000213e+00 3.967299594615007058e-03
2.625000000000000000e+00 1.181139048568126577e-02
2.634999999999999787e+00 7.814607122872428702e-03
2.645000000000000018e+00 1.163344385537303655e-02
2.655000000000000249e+00 1.347030389404533027e-02
2.665000000000000036e+00 1.527931795982518000e-02
2.674999999999999822e+00 1.326963201383382467e-02
2.685000000000000053e+00 1.881567642274769095e-02
2.695000000000000284e+00 2.427919218594215903e-02
2.705000000000000071e+00 9.269234912333669876e-03
2.714999999999999858e+00 2.944345306073578236e-02
2.725000000000000089e+00 2.740101663392957923e-02
2.735000000000000320e+00 4.352161616722168697e-02
2.745000000000000107e+00 2.520297308817759027e-02
2.754999999999999893e+00 4.467918509012232253e-02
2.765000000000000124e+00 3.371101075788826562e-02
2.775000000000000355e+00 4.932198017959844860e-02
2.785000000000000142e+00 4.372180278316564750e-02
2.794999999999999929e+00 7.292796928100772624e-02
2.805000000000000160e+00 7.068488950520666891e-02
2.814999999999999947e+00 7.874255355319258187e-02
2.825000000000000178e+00 8.668455742184329182e-02
2.834999999999999964e+00 7.932319510241243876e-02
2.844999999999999751e+00 1.089324536301866236e-01
2.854999999999999982e+00 1.298048296024804649e-01
2.865000000000000213e+00 1.338579726958186167e-01
2.875000000000000000e+00 1.329284071897254005e-01
2.884999999999999787e+00 1.483058356812858580e-01
2.895000000000000018e+00 1.942193945702424818e-01
2.905000000000000249e+00 2.266393564054414445e-01
2.915000000000000036e+00 2.570142775879613040e-01
2.924999999999999822e+00 3.139221385664480168e-01
2.935000000000000053e+00 2.881664234355947873e-01
2.945000000000000284e+00 3.863090261659911095e-01
2.955000000000000071e+00 3.635041642174722254e-01
2.964999999999999858e+00 4.181464381046010037e-01
2.975000000000000089e+00 4.245358184393874801e-01
2.985000000000000320e+00 5.054264020375670574e-01
2.995000000000000107e+00 5.186913207461585351e-01
3.004999999999999893e+00 5.963621491703310351e-01
3.015000000000000124e+00 6.431483458118785190e-01
3.025000000000000355e+00 6.789272533975885260e-01
3.035000000000000142e+00 7.215845306073613852e-01
3.044999999999999929e+00 7.329454606831656838e-01
3.055000000000000160e+00 8.008251427278354484e-01
3.065000000000000391e+00 7.956080593324988959e-01
3.075000000000000178e+00 9.324630933565858371e-01
3.084999999999999964e+00 9.235772077299440053e-01
3.094999999999999751e+00 1.025240608123315855e+00
3.104999999999999982e+00 1.008798642476917751e+00
3.115000000000000213e+00 1.116964119072429540e+00
3.125000000000000000e+00 1.144552492904855612e+00
3.134999999999999787e+00 1.199370149662041474e+00
3.145000000000000018e+00 1.350838664965016145e+00
3.155000000000000249e+00 1.360004572211273910e+00
3.165000000000000036e+00 1.324341482375220425e+00
3.174999999999999822e+00 1.449228289065151998e+00
3.185000000000000053e+00 1.567174294173040661e+00
3.195000000000000284e+00 1.477650161554734387e+00
3.205000000000000071e+00 1.630870418825882906e+00
3.214999999999999858e+00 1.656174021709761579e+00
3.225000000000000089e+00 1.695479270360900959e+00
3.235000000000000320e+00 1.699271187816714157e+00
3.245000000000000107e+00 1.806039254593978294e+00
3.254999999999999893e+00 1.855132679774440518e+00
3.265000000000000124e+00 1.862873153100222723e+00
3.275000000000000355e+00 1.854043596752478429e+00
3.285000000000000142e+00 1.909394242075458603e+00
3.294999999999999929e+00 1.927807532032953741e+00
3.305000000000000160e+00 1.949688864815259048e+00
3.315000000000000391e+00 1.982380714393141563e+00
3.325000000000000178e+00 2.014644599760257115e+00
3.334999999999999964e+00 2.019655276150891243e+00
3.344999999999999751e+00 2.047604143912788111e+00
3.354999999999999982e+00 2.034210958823349902e+00
3.365000000000000213e+00 2.102401133125289423e+00
3.375000000000000000e+00 2.149503972467717627e+00
3.384999999999999787e+00 2.069343962520356683e+00
3.395000000000000018e+00 2.084239430734468712e+00
3.405000000000000249e+00 2.122323856847008194e+00
3.415000000000000036e+00 2.104097005969660206e+00
3.424999999999999822e+00 2.082577492967979449e+00
3.435000000000000053e+00 2.034831231390219930e+00
3.445000000000000284e+00 2.023035141440953311e+00
3.455000000000000071e+00 1.955660128704183931e+00
3.464999999999999858e+00 2.057368491497920449e+00
3.475000000000000089e+00 1.989379148088269211e+00
3.485000000000000320e+00 2.033822281024263656e+00
3.495000000000000107e+00 1.976670422085089474e+00
3.504999999999999893e+00 1.989698925122344031e+00
3.515000000000000124e+00 1.862017739382166637e+00
3.525000000000000355e+00 1.814351396862960764e+00
3.535000000000000142e+00 1.886598844544701947e+00
3.544999999999999929e+00 1.935336290739702703e+00
3.555000000000000160e+00 1.923390323133371105e+00
3.565000000000000391e+00 1.922220823044164417e+00
3.575000000000000178e+00 1.867967045827480188e+00
3.584999999999999964e+00 1.901888721163403240e+00
3.594999999999999751e+00 1.858786071940250251e+00
3.604999999999999982e+00 1.880844484734593758e+00
3.615000000000000213e+00 1.880832978195077887e+00
3.625000000000000000e+00 1.809566454456420059e+00
3.634999999999999787e+00 1.847873846025161804e+00
3.645000000000000018e+00 1.841832420920053170e+00
3.655000000000000249e+00 1.879491228148292503e+00
3.665000000000000036e+00 1.827844580306951183e+00
3.674999999999999822e+00 1.755639693768494158e+00
3.685000000000000053e+00 1.847015662117154733e+00
3.695000000000000284e+00 1.887701705944865527e+00
3.705000000000000071e+00 1.904206065825902572e+00
3.714999999999999858e+00 1.937214199678786830e+00
3.725000000000000089e+00 1.856440642072122005e+00
3.735000000000000320e+00 1.831927763598123926e+00
3.745000000000000107e+00 1.929513918948928319e+00
3.754999999999999893e+00 1.919250571302777653e+00
3.765000000000000124e+00 1.917681235479680835e+00
3.775000000000000355e+00 1.972261527310346985e+00
3.785000000000000142e+00 1.962800679637124901e+00
3.794999999999999929e+00 2.055132618867931527e+00
3.805000000000000160e+00 2.017174063919048965e+00
3.815000000000000391e+00 2.075581550532318964e+00
3.825000000000000178e+00 2.045273068060340815e+00
3.834999999999999964e+00 2.192336007927068398e+00
3.844999999999999751e+00 2.094700306732919071e+00
3.854999999999999982e+00 2.085672495525141112e+00
3.865000000000000213e+00 2.108491693877787565e+00
3.875000000000000000e+00 2.197897181576915493e+00
3.884999999999999787e+00 2.068864040700111762e+00
3.895000000000000018e+00 2.120842608797721240e+00
3.905000000000000249e+00 2.101098909734125719e+00
3.915000000000000036e+00 2.123124182270032190e+00
3.924999999999999822e+00 2.148420002472057000e+00
3.935000000000000053e+00 2.145398614864725051e+00
3.945000000000000284e+00 2.153710947686980237e+00
3.955000000000000071e+00 2.113349084427714519e+00
3.964999999999999858e+00 2.166551500996015012e+00
3.975000000000000089e+00 2.038909910361422995e+00
3.985000000000000320e+00 2.034669128359476442e+00
3.995000000000000107e+00 1.979450347369937857e+00
4.004999999999999893e+00 2.078669912597834735e+00
4.015000000000000568e+00 1.998486450360569489e+00
4.025000000000000355e+00 1.973497168444375838e+00
4.035000000000000142e+00 1.910405994615917979e+00
4.044999999999999929e+00 1.843768655993086591e+00
4.054999999999999716e+00 1.761265629429971113e+00
4.065000000000000391e+00 1.711566030010109651e+00
4.075000000000000178e+00 1.779145019503152403e+00
4.084999999999999964e+00 1.680215767481749500e+00
4.094999999999999751e+00 1.652605738653487810e+00
4.105000000000000426e+00 1.593045478975796625e+00
4.115000000000000213e+00 1.550065300806069191e+00
4.125000000000000000e+00 1.476392334894377711e+00
4.134999999999999787e+00 1.475606714223828719e+00
4.144999999999999574e+00 1.430598715642672936e+00
4.155000000000000249e+00 1.337291880530001364e+00
4.165000000000000036e+00 1.369975497157819300e+00
4.174999999999999822e+00 1.308946035536311836e+00
4.185000000000000497e+00 1.248483548825572109e+00
4.195000000000000284e+00 1.267204175026797941e+00
4.205000000000000071e+00 1.214388449414290472e+00
4.214999999999999858e+00 1.162059080543589973e+00
4.224999999999999645e+00 1.174802273086242854e+00
4.235000000000000320e+00 1.194219110698103936e+00
4.245000000000000107e+00 1.092246697673396438e+00
4.254999999999999893e+00 1.063892956203561280e+00
4.265000000000000568e+00 9.768816315502137915e-01
4.275000000000000355e+00 1.009428099631464848e+00
4.285000000000000142e+00 1.021713774258243612e+00
4.294999999999999929e+00 9.801951172323897232e-01
4.304999999999999716e+00 9.046506129428819598e-01
4.315000000000000391e+00 9.164900714674460991e-01
4.325000000000000178e+00 9.253098284821397179e-01
4.334999999999999964e+00 8.950601190928945128e-01
4.345000000000000639e+00 8.507086857949444081e-01
4.355000000000000426e+00 8.618257287796231569e-01
4.365000000000000213e+00 8.336756694276267199e-01
4.375000000000000000e+00 8.086084185106816591e-01
4.384999999999999787e+00 8.282045863681990472e-01
4.394999999999999574e+00 7.577263957933191296e-01
4.405000000000000249e+00 7.542900008086836916e-01
4.415000000000000036e+00 7.251286012667047531e-01
4.424999999999999822e+00 6.511934695169310228e-01
4.435000000000000497e+00 6.855006484550582035e-01
4.445000000000000284e+00 5.993485345830446009e-01
4.455000000000000071e+00 6.062293222779534529e-01
4.464999999999999858e+00 5.694967734768311418e-01
4.474999999999999645e+00 5.655996516938536223e-01
4.485000000000000320e+00 5.448728946956460373e-01
4.495000000000000107e+00 5.270101788169700985e-01
4.504999999999999893e+00 4.778869716109602761e-01
4.515000000000000568e+00 4.737761829843684658e-01
4.525000000000000355e+00 4.246485090158499953e-01
4.535000000000000142e+00 4.517984437326127978e-01
4.544999999999999929e+00 3.795498341511698848e-01
4.554999999999999716e+00 3.687322171934032666e-01
4.565000000000000391e+00 3.710240281262823236e-01
4.575000000000000178e+00 3.402403775141999431e-01
4.584999999999999964e+00 3.077857046109259143e-01
4.595000000000000639e+00 3.147993268843778947e-01
4.605000000000000426e+00 2.539451863108091456e-01
4.615000000000000213e+00 2.579409888647171689e-01
4.625000000000000000e+00 2.523877933758675862e-01
4.634999999999999787e+00 2.235180163115784435e-01
4.644999999999999574e+00 1.967803148169844363e-01
4.655000000000000249e+00 2.078296297626913980e-01
4.665000000000000036e+00 1.732807229974494267e-01
4.674999999999999822e+00 1.663337259066584028e-01
4.685000000000000497e+00 1.606804023401536274e-01
4.695000000000000284e+00 1.366125301916321089e-01
4.705000000000000071e+00 1.507386446274655567e-01
4.714999999999999858e+00 1.275239179088362151e-01
4.724999999999999645e+00 1.470349221930394856e-01
4.735000000000000320e+00 1.343141488312692144e-01
4.745000000000000107e+00 1.259164902241118877e-01
4.754999999999999893e+00 1.283871294059815704e-01
4.765000000000000568e+00 1.194848779263004285e-01
4.775000000000000355e+00 1.172001678005257369e-01
4.785000000000000142e+00 1.250049845874225130e-01
4.794999999999999929e+00 1.351036305875984445e-01
4.804999999999999716e+00 1.263166027829239202e-01
4.815000000000000391e+00 1.351537682184413558e-01
4.825000000000000178e+00 1.497432485038954764e-01
4.834999999999999964e+00 1.468034721202663984e-01
4.845000000000000639e+00 1.623781244752295627e-01
4.855000000000000426e+00 1.513512612325770279e-01
4.865000000000000213e+00 1.874091661884633164e-01
4.875000000000000000e+00 1.763672750641213649e-01
4.884999999999999787e+00 1.955411084402939037e-01
4.894999999999999574e+00 2.038007957204955312e-01
4.905000000000000249e+00 2.283419824461592196e-01
4.915000000000000036e+00 2.212370941450165773e-01
4.924999999999999822e+00 2.555715454011264764e-01
4.935000000000000497e+00 2.768157802397240297e-01
4.945000000000000284e+00 2.934484703713746701e-01
4.955000000000000071e+00 2.828729462240730519e-01
4.964999999999999858e+00 3.246551354851380244e-01
4.974999999999999645e+00 3.551383784379998909e-01
4.985000000000000320e+00 3.509856977796230182e-01
4.995000000000000107e+00 3.941629451423377950e-01
5.004999999999999893e+00 4.007119826540599949e-01
5.015000000000000568e+00 4.045089756969367234e-01
5.025000000000000355e+00 4.904643209424688344e-01
5.035000000000000142e+00 4.826322770376307303e-01
5.044999999999999929e+00 4.993741132080598555e-01
5.054999999999999716e+00 5.600398312026683145e-01
5.065000000000000391e+00 5.541293582563161513e-01
5.075000000000000178e+00 5.624811034299118662e-01
5.084999999999999964e+00 6.247965530176754489e-01
5.095000000000000639e+00 6.385451457118475060e-01
5.105000000000000426e+00 6.641527275581274870e-01
5.115000000000000213e+00 6.574106828026355931e-01
5.125000000000000000e+00 6.889328131280065826e-01
5.134999999999999787e+00 7.171180576195429479e-01
5.144999999999999574e+00 7.517408259951616767e-01
5.155000000000000249e+00 8.330510130919798195e-01
5.165000000000000036e+00 8.242351766281996728e-01
5.174999999999999822e+00 8.666387106860596878e-01
5.185000000000000497e+00 9.268733988157036308e-01
5.195000000000000284e+00 9.112456834664545147e-01
5.205000000000000071e+00 9.212662038921461960e-01
5.214999999999999858e+00 9.431737130202882957e-01
5.224999999999999645e+00 9.624226082953483141e-01
5.235000000000000320e+00 9.696384971882804349e-01
5.245000000000000107e+00 9.708754454223220698e-01
5.254999999999999893e+00 1.060021774518362658e+00
5.265000000000000568e+00 1.053062877406747866e+00
5.275000000000000355e+00 1.088560529313066239e+00
5.285000000000000142e+00 1.082502413993233326e+00
5.294999999999999929e+00 1.081804189826342188e+00
5.304999999999999716e+00 1.105203031646832645e+00
5.315000000000000391e+00 1.120255257654106940e+00
5.325000000000000178e+00 1.113659797131558493e+00
5.334999999999999964e+00 1.120926820319026795e+00
5.345000000000000639e+00 1.135253758065587926e+00
5.355000000000000426e+00 1.135275022839996817e+00
5.365000000000000213e+00 1.153667751668290720e+00
5.375000000000000000e+00 1.146561923452097620e+00
5.384999999999999787e+00 1.098804412073865588e+00
5.394999999999999574e+00 1.117570872836001650e+00
5.405000000000000249e+00 1.143155857552293764e+00
5.415000000000000036e+00 1.111181175983360303e+00
5.424999999999999822e+00 1.152717805626156888e+00
5.435000000000000497e+00 1.145724627693693654e+00
5.445000000000000284e+00 1.127336922226164440e+00
5.455000000000000071e+00 1.114090543683727619e+00
5.464999999999999858e+00 1.087308067074633788e+00
5.474999999999999645e+00 1.163436345046142906e+00
5.485000000000000320e+00 1.106445666469946021e+00
5.495000000000000107e+00 1.119493155034212650e+00
5.504999999999999893e+00 1.130200602039544089e+00
5.515000000000000568e+00 1.094886905571409885e+00
5.525000000000000355e+00 1.106480034125409739e+00
5.535000000000000142e+00 1.119753371296422051e+00
5.544999999999999929e+00 1.125865132006224290e+00
5.554999999999999716e+00 1.110825692234314044e+00
5.565000000000000391e+00 1.105961085620303930e+00
5.575000000000000178e+00 1.149131995896075731e+00
5.584999999999999964e+00 1.123276965561964769e+00
5.595000000000000639e+00 1.155230816950412631e+00
5.605000000000000426e+00 1.110093719208541385e+00
5.615000000000000213e+00 1.123782990882335131e+00
5.625000000000000000e+00 1.122363131592299501e+00
5.634999999999999787e+00 1.125645352747637995e+00
5.644999999999999574e+00 1.126343226430177813e+00
5.655000000000000249e+00 1.118121483655751369e+00
5.665000000000000036e+00 1.148837039391413128e+00
5.674999999999999822e+00 1.186068369809646361e+00
5.685000000000000497e+00 1.158395735163154860e+00
5.695000000000000284e+00 1.154749428840926573e+00
5.705000000000000071e+00 1.184879999841002229e+00
5.714999999999999858e+00 1.196103676742753752e+00
5.724999999999999645e+00 1.145989876582105937e+00
5.735000000000000320e+00 1.190250274031069200e+00
5.745000000000000107e+00 1.150354354140092905e+00
5.754999999999999893e+00 1.175438873611133639e+00
5.765000000000000568e+00 1.164426169792034393e+00
5.775000000000000355e+00 1.199036245235161280e+00
5.785000000000000142e+00 1.183950758637575928e+00
5.794999999999999929e+00 1.125742074826258321e+00
5.804999999999999716e+00 1.195933452655099982e+00
5.815000000000000391e+00 1.185806434061954295e+00
5.825000000000000178e+00 1.162949009354049545e+00
5.834999999999999964e+00 1.103189314410403687e+00
5.845000000000000639e+00 1.085124109056334829e+00
5.855000000000000426e+00 1.124550821318899274e+00
5.865000000000000213e+00 1.101002217624888813e+00
5.875000000000000000e+00 1.085860302073068828e+00
5.884999999999999787e+00 1.061023209555970404e+00
5.894999999999999574e+00 1.035567577923996563e+00
5.905000000000000249e+00 1.014946357524689313e+00
5.915000000000000036e+00 9.801135337554095495e-01
5.924999999999999822e+00 9.628976868678071899e-01
5.935000000000000497e+00 9.384754101178226504e-01
5.945000000000000284e+00 9.249582708647932083e-01
5.955000000000000071e+00 8.828381432036170873e-01
5.964999999999999858e+00 8.722559493135143560e-01
5.974999999999999645e+00 8.465413643167923885e-01
5.985000000000000320e+00 8.160706934782575583e-01
5.995000000000000107e+00 7.876855734401603248e-01
6.004999999999999893e+00 7.662558850660490251e-01
6.015000000000000568e+00 7.520876949994461658e-01
6.025000000000000355e+00 7.331514852796156001e-01
6.035000000000000142e+00 6.823068619329711870e-01
6.044999999999999929e+00 6.770816477664434174e-01
6.054999999999999716e+00 6.700372916929524525e-01
6.065000000000000391e+00 6.350096954178318098e-01
6.075000000000000178e+00 6.116029580553361544e-01
6.084999999999999964e+00 6.055646408117052459e-01
6.095000000000000639e+00 5.853221011260644202e-01
6.105000000000000426e+00 5.582938500241100277e-01
6.115000000000000213e+00 5.760582443076497361e-01
6.125000000000000000e+00 5.777945090795696403e-01
6.134999999999999787e+00 5.690649242701120158e-01
6.145000000000000462e+00 5.625443994561321048e-01
6.155000000000000249e+00 5.485440050921902566e-01
6.165000000000000036e+00 5.464090093433113804e-01
6.174999999999999822e+00 5.087107750676457263e-01
6.185000000000000497e+00 5.382712535882804294e-01
6.195000000000000284e+00 5.453711099196709711e-01
6.205000000000000071e+00 5.362161679441148632e-01
6.214999999999999858e+00 5.485390976602362301e-01
6.224999999999999645e+00 5.390770384407242988e-01
6.235000000000000320e+00 5.547956324373891634e-01
6.245000000000000107e+00 5.547593454401893442e-01
6.254999999999999893e+00 5.980579897867964734e-01
6.265000000000000568e+00 5.512230406480099765e-01
6.275000000000000355e+00 5.808164873339551892e-01
6.285000000000000142e+00 6.078151608716063636e-01
6.294999999999999929e+00 5.904817196091350917e-01
6.304999999999999716e+00 5.759848856702428632e-01
6.315000000000000391e+00 6.105574997831104689e-01
6.325000000000000178e+00 6.079502722600560460e-01
6.334999999999999964e+00 6.138064297629052257e-01
6.345000000000000639e+00 6.250136310741399859e-01
6.355000000000000426e+00 5.978575537611636737e-01
6.365000000000000213e+00 6.498865485462056446e-01
6.375000000000000000e+00 6.138046580118958762e-01
6.384999999999999787e+00 6.554706530390161934e-01
6.395000000000000462e+00 6.235705283074031158e-01
6.405000000000000249e+00 6.070762438617127721e-01
6.415000000000000036e+00 6.589133438132975806e-01
6.424999999999999822e+00 6.769082178443793785e-01
6.435000000000000497e+00 6.787369289571775210e-01
6.445000000000000284e+00 6.482216000131590938e-01
6.455000000000000071e+00 6.442614297251659794e-01
6.464999999999999858e+00 6.253936791543738272e-01
6.474999999999999645e+00 6.477290261935235716e-01
6.485000000000000320e+00 6.754069858951410321e-01
6.495000000000000107e+00 6.402090091128775917e-01
6.504999999999999893e+00 6.369599082374557408e-01
6.515000000000000568e+00 6.222228332456073430e-01
6.525000000000000355e+00 6.642841040992991664e-01
6.535000000000000142e+00 6.133380711743856573e-01
6.544999999999999929e+00 5.905659015180809712e-01
6.554999999999999716e+00 6.039186084106162866e-01
6.565000000000000391e+00 6.064864295140695027e-01
6.575000000000000178e+00 5.914644880406433325e-01
6.584999999999999964e+00 5.852899451639604900e-01
6.595000000000000639e+00 5.707295047304037361e-01
6.605000000000000426e+00 5.540779797792351191e-01
6.615000000000000213e+00 5.737934110656982556e-01
6.625000000000000000e+00 5.365210811303655625e-01
6.634999999999999787e+00 5.586306824406930271e-01
6.645000000000000462e+00 5.603297731771804679e-01
6.655000000000000249e+00 5.261818651385187229e-01
6.665000000000000036e+00 5.230773223248073034e-01
6.674999999999999822e+00 5.126823705543759324e-01
6.685000000000000497e+00 4.923306386686961966e-01
6.695000000000000284e+00 4.950977740819855200e-01
6.705000000000000071e+00 4.679754502675256833e-01
6.714999999999999858e+00 4.515413175342827268e-01
6.724999999999999645e+00 4.549983704940117613e-01
6.735000000000000320e+00 4.407893790399486922e-01
6.745000000000000107e+00 4.376943957204093016e-01
6.754999999999999893e+00 4.167793043949042930e-01
6.765000000000000568e+00 4.481516792674315464e-01
6.775000000000000355e+00 4.406237308328007640e-01
6.785000000000000142e+00 4.254772352315138173e-01
6.794999999999999929e+00 4.142371356147334094e-01
6.804999999999999716e+00 4.030612194977531981e-01
6.815000000000000391e+00 4.243681035527678835e-01
6.825000000000000178e+00 3.957518789653416413e-01
6.834999999999999964e+00 4.067896905713852540e-01
6.845000000000000639e+00 4.018383684477441764e-01
6.855000000000000426e+00 4.073061206784945876e-01
6.865000000000000213e+00 4.153307525985447390e-01
6.875000000000000000e+00 4.060877381875664383e-01
6.884999999999999787e+00 4.080566669395088719e-01
6.895000000000000462e+00 3.943195810960020142e-01
6.905000000000000249e+00 4.088257520177678295e-01
6.915000000000000036e+00 3.960134092072023493e-01
6.924999999999999822e+00 4.220249334715817091e-01
6.935000000000000497e+00 3.985272970495460920e-01
6.945000000000000284e+00 4.148168249340746794e-01
6.955000000000000071e+00 4.211962608300041655e-01
6.964999999999999858e+00 4.219449967238481647e-01
6.974999999999999645e+00 4.034492855447661674e-01
6.985000000000000320e+00 4.167519644624440023e-01
6.995000000000000107e+00 4.161156966698367210e-01
7.004999999999999893e+00 3.889436292688790986e-01
7.015000000000000568e+00 4.330416597666086886e-01
7.025000000000000355e+00 4.034987958232266192e-01
7.035000000000000142e+00 4.346941786186179768e-01
7.044999999999999929e+00 4.372872680675935486e-01
7.054999999999999716e+00 4.055251001330190674e-01
7.065000000000000391e+00 4.253034002828374183e-01
7.075000000000000178e+00 4.056745448147847655e-01
7.084999999999999964e+00 3.983149619289898524e-01
7.095000000000000639e+00 4.120135811086459432e-01
7.105000000000000426e+00 4.060178676394136099e-01
7.115000000000000213e+00 3.930874255288794306e-01
7.125000000000000000e+00 4.106889110915769581e-01
7.134999999999999787e+00 3.855577374118385747e-01
7.145000000000000462e+00 3.876677491011851218e-01
7.155000000000000249e+00 3.889695698218681996e-01
7.165000000000000036e+00 3.942260159537539499e-01
7.174999999999999822e+00 4.142071377068725080e-01
7.185000000000000497e+00 3.799475039720051628e-01
7.195000000000000284e+00 3.880630654039237681e-01
7.205000000000000071e+00 3.493592810161323947e-01
7.214999999999999858e+00 3.744492332582611271e-01
7.224999999999999645e+00 3.627593073491712228e-01
7.235000000000000320e+00 3.490594287109441973e-01
7.245000000000000107e+00 3.486133538380856711e-01
7.254999999999999893e+00 3.571883173412365720e-01
7.265000000000000568e+00 3.317904292541237199e-01
7.275000000000000355e+00 3.593278408669607349e-01
7.285000000000000142e+00 3.468403255133962193e-01
7.294999999999999929e+00 3.476743310736383208e-01
7.304999999999999716e+00 3.601954809165475169e-01
7.315000000000000391e+00 3.665628785462632377e-01
7.325000000000000178e+00 3.680908037825130763e-01
7.334999999999999964e+00 3.575072431596622025e-01
7.345000000000000639e+00 3.610602599208548869e-01
7.355000000000000426e+00 3.653448994958709006e-01
7.365000000000000213e+00 3.573514738241572175e-01
7.375000000000000000e+00 3.825693399545538331e-01
7.384999999999999787e+00 3.564134154935123533e-01
7.395000000000000462e+00 3.770301518497180537e-01
7.405000000000000249e+00 3.878866070343304773e-01
7.415000000000000036e+00 3.890614801235466325e-01
7.424999999999999822e+00 4.049913683667398789e-01
7.435000000000000497e+00 4.134726732048654707e-01
7.445000000000000284e+00 4.201939001567214782e-01
7.455000000000000071e+00 4.249250442477318090e-01
7.464999999999999858e+00 4.259781052816320468e-01
7.474999999999999645e+00 4.682941006387867922e-01
7.485000000000000320e+00 4.600222574945027620e-01
7.495000000000000107e+00 4.641079015226844406e-01
7.504999999999999893e+00 4.869547558461739811e-01
7.515000000000000568e+00 4.935858604743558753e-01
7.525000000000000355e+00 5.145530093095742608e-01
7.535000000000000142e+00 5.024369996649038494e-01
7.544999999999999929e+00 5.249341937398742663e-01
7.554999999999999716e+00 5.361409906136047621e-01
7.565000000000000391e+00 5.579527833940846060e-01
7.575000000000000178e+00 5.593173878962046652e-01
7.584999999999999964e+00 5.851934573089836444e-01
7.595000000000000639e+00 5.874159474577976825e-01
7.605000000000000426e+00 5.764906886836999034e-01
7.615000000000000213e+00 6.149780658153835011e-01
7.625000000000000000e+00 6.338971482931784474e-01
7.634999999999999787e+00 6.217663678946599992e-01
7.645000000000000462e+00 6.394041926355621408e-01
7.655000000000000249e+00 6.131975688796518220e-01
7.665000000000000036e+00 6.374570734147300133e-01
7.674999999999999822e+00 6.281978622041277660e-01
7.685000000000000497e+00 6.414931875039701081e-01
7.695000000000000284e+00 6.531137480231121728e-01
7.705000000000000071e+00 6.637579068477289512e-01
7.714999999999999858e+00 6.675078354402581571e-01
7.724999999999999645e+00 6.866929778759441882e-01
7.735000000000000320e+00 6.568054027272955953e-01
7.745000000000000107e+00 6.655125895412754566e-01
7.754999999999999893e+00 6.561286090921431002e-01
7.765000000000000568e+00 6.852607176428090474e-01
7.775000000000000355e+00 6.938211714141616637e-01
7.785000000000000142e+00 7.025592239936597760e-01
7.794999999999999929e+00 7.067853349923702844e-01
7.804999999999999716e+00 6.673440407026551835e-01
7.815000000000000391e+00 6.854042856764073210e-01
7.825000000000000178e+00 6.805520988473018340e-01
7.834999999999999964e+00 7.097516223829761772e-01
7.845000000000000639e+00 6.922945291773003884e-01
7.855000000000000426e+00 7.026244383149619077e-01
7.865000000000000213e+00 6.971109962694594930e-01
7.875000000000000000e+00 7.029972190711152313e-01
7.884999999999999787e+00 7.081968322524869741e-01
7.895000000000000462e+00 6.990047512758772452e-01
7.905000000000000249e+00 7.330543446705025667e-01
7.915000000000000036e+00 7.132316657588085862e-01
7.925000000000000711e+00 7.263353574483776276e-01
7.935000000000000497e+00 7.033932297126141986e-01
7.945000000000000284e+00 7.224682507881722282e-01
7.955000000000000071e+00 7.277266364003317500e-01
7.964999999999999858e+00 7.368050158338863564e-01
7.974999999999999645e+00 7.398637977057652693e-01
7.985000000000000320e+00 7.416284863654980519e-01
7.995000000000000107e+00 7.573880926906765287e-01
