# r	g(r)
5.0000e-03	0.0000e+00
1.5000e-02	0.0000e+00
2.5000e-02	0.0000e+00
3.5000e-02	0.0000e+00
4.5000e-02	0.0000e+00
5.5000e-02	0.0000e+00
6.5000e-02	0.0000e+00
7.5000e-02	0.0000e+00
8.5000e-02	0.0000e+00
9.5000e-02	0.0000e+00
1.0500e-01	0.0000e+00
1.1500e-01	0.0000e+00
1.2500e-01	0.0000e+00
1.3500e-01	0.0000e+00
1.4500e-01	0.0000e+00
1.5500e-01	0.0000e+00
1.6500e-01	0.0000e+00
1.7500e-01	0.0000e+00
1.8500e-01	0.0000e+00
1.9500e-01	0.0000e+00
2.0500e-01	0.0000e+00
2.1500e-01	0.0000e+00
2.2500e-01	0.0000e+00
2.3500e-01	0.0000e+00
2.4500e-01	0.0000e+00
2.5500e-01	0.0000e+00
2.6500e-01	0.0000e+00
2.7500e-01	0.0000e+00
2.8500e-01	0.0000e+00
2.9500e-01	0.0000e+00
3.0500e-01	0.0000e+00
3.1500e-01	0.0000e+00
3.2500e-01	0.0000e+00
3.3500e-01	0.0000e+00
3.4500e-01	0.0000e+00
3.5500e-01	0.0000e+00
3.6500e-01	0.0000e+00
3.7500e-01	0.0000e+00
3.8500e-01	0.0000e+00
3.9500e-01	0.0000e+00
4.0500e-01	0.0000e+00
4.1500e-01	0.0000e+00
4.2500e-01	0.0000e+00
4.3500e-01	0.0000e+00
4.4500e-01	0.0000e+00
4.5500e-01	0.0000e+00
4.6500e-01	0.0000e+00
4.7500e-01	0.0000e+00
4.8500e-01	0.0000e+00
4.9500e-01	0.0000e+00
5.0500e-01	0.0000e+00
5.1500e-01	0.0000e+00
5.2500e-01	0.0000e+00
5.3500e-01	0.0000e+00
5.4500e-01	0.0000e+00
5.5500e-01	0.0000e+00
5.6500e-01	0.0000e+00
5.7500e-01	0.0000e+00
5.8500e-01	0.0000e+00
5.9500e-01	0.0000e+00
6.0500e-01	0.0000e+00
6.1500e-01	0.0000e+00
6.2500e-01	0.0000e+00
6.3500e-01	0.0000e+00
6.4500e-01	0.0000e+00
6.5500e-01	0.0000e+00
6.6500e-01	0.0000e+00
6.7500e-01	0.0000e+00
6.8500e-01	0.0000e+00
6.9500e-01	0.0000e+00
7.0500e-01	0.0000e+00
7.1500e-01	0.0000e+00
7.2500e-01	0.0000e+00
7.3500e-01	0.0000e+00
7.4500e-01	0.0000e+00
7.5500e-01	0.0000e+00
7.6500e-01	0.0000e+00
7.7500e-01	0.0000e+00
7.8500e-01	0.0000e+00
7.9500e-01	0.0000e+00
8.0500e-01	0.0000e+00
8.1500e-01	0.0000e+00
8.2500e-01	0.0000e+00
8.3500e-01	0.0000e+00
8.4500e-01	0.0000e+00
8.5500e-01	0.0000e+00
8.6500e-01	0.0000e+00
8.7500e-01	0.0000e+00
8.8500e-01	0.0000e+00
8.9500e-01	0.0000e+00
9.0500e-01	0.0000e+00
9.1500e-01	0.0000e+00
9.2500e-01	0.0000e+00
9.3500e-01	0.0000e+00
9.4500e-01	0.0000e+00
9.5500e-01	0.0000e+00
9.6500e-01	0.0000e+00
9.7500e-01	0.0000e+00
9.8500e-01	0.0000e+00
9.9500e-01	0.0000e+00
1.0050e+00	0.0000e+00
1.0150e+00	0.0000e+00
1.0250e+00	0.0000e+00
1.0350e+00	0.0000e+00
1.0450e+00	0.0000e+00
1.0550e+00	0.0000e+00
1.0650e+00	0.0000e+00
1.0750e+00	0.0000e+00
1.0850e+00	0.0000e+00
1.0950e+00	0.0000e+00
1.1050e+00	0.0000e+00
1.1150e+00	0.0000e+00
1.1250e+00	0.0000e+00
1.1350e+00	0.0000e+00
1.1450e+00	0.0000e+00
1.1550e+00	0.0000e+00
1.1650e+00	0.0000e+00
1.1750e+00	0.0000e+00
1.1850e+00	0.0000e+00
1.1950e+00	0.0000e+00
1.2050e+00	0.0000e+00
1.2150e+00	0.0000e+00
1.2250e+00	0.0000e+00
1.2350e+00	0.0000e+00
1.2450e+00	0.0000e+00
1.2550e+00	0.0000e+00
1.2650e+00	0.0000e+00
1.2750e+00	0.0000e+00
1.2850e+00	0.0000e+00
1.2950e+00	0.0000e+00
1.3050e+00	0.0000e+00
1.3150e+00	0.0000e+00
1.3250e+00	0.0000e+00
1.3350e+00	0.0000e+00
1.3450e+00	0.0000e+00
1.3550e+00	0.0000e+00
1.3650e+00	0.0000e+00
1.3750e+00	0.0000e+00
1.3850e+00	0.0000e+00
1.3950e+00	0.0000e+00
1.4050e+00	0.0000e+00
1.4150e+00	0.0000e+00
1.4250e+00	0.0000e+00
1.4350e+00	0.0000e+00
1.4450e+00	0.0000e+00
1.4550e+00	0.0000e+00
1.4650e+00	0.0000e+00
1.4750e+00	0.0000e+00
1.4850e+00	0.0000e+00
1.4950e+00	0.0000e+00
1.5050e+00	0.0000e+00
1.5150e+00	0.0000e+00
1.5250e+00	0.0000e+00
1.5350e+00	0.0000e+00
1.5450e+00	0.0000e+00
1.5550e+00	0.0000e+00
1.5650e+00	0.0000e+00
1.5750e+00	0.0000e+00
1.5850e+00	0.0000e+00
1.5950e+00	0.0000e+00
1.6050e+00	0.0000e+00
1.6150e+00	0.0000e+00
1.6250e+00	0.0000e+00
1.6350e+00	0.0000e+00
1.6450e+00	0.0000e+00
1.6550e+00	0.0000e+00
1.6650e+00	0.0000e+00
1.6750e+00	0.0000e+00
1.6850e+00	0.0000e+00
1.6950e+00	0.0000e+00
1.7050e+00	0.0000e+00
1.7150e+00	0.0000e+00
1.7250e+00	0.0000e+00
1.7350e+00	0.0000e+00
1.7450e+00	0.0000e+00
1.7550e+00	0.0000e+00
1.7650e+00	0.0000e+00
1.7750e+00	0.0000e+00
1.7850e+00	0.0000e+00
1.7950e+00	0.0000e+00
1.8050e+00	0.0000e+00
1.8150e+00	0.0000e+00
1.8250e+00	0.0000e+00
1.8350e+00	0.0000e+00
1.8450e+00	0.0000e+00
1.8550e+00	0.0000e+00
1.8650e+00	0.0000e+00
1.8750e+00	0.0000e+00
1.8850e+00	0.0000e+00
1.8950e+00	0.0000e+00
1.9050e+00	0.0000e+00
1.9150e+00	0.0000e+00
1.9250e+00	0.0000e+00
1.9350e+00	0.0000e+00
1.9450e+00	0.0000e+00
1.9550e+00	0.0000e+00
1.9650e+00	0.0000e+00
1.9750e+00	0.0000e+00
1.9850e+00	0.0000e+00
1.9950e+00	0.0000e+00
2.0050e+00	0.0000e+00
2.0150e+00	0.0000e+00
2.0250e+00	0.0000e+00
2.0350e+00	0.0000e+00
2.0450e+00	0.0000e+00
2.0550e+00	0.0000e+00
2.0650e+00	0.0000e+00
2.0750e+00	0.0000e+00
2.0850e+00	0.0000e+00
2.0950e+00	0.0000e+00
2.1050e+00	0.0000e+00
2.1150e+00	0.0000e+00
2.1250e+00	0.0000e+00
2.1350e+00	0.0000e+00
2.1450e+00	0.0000e+00
2.1550e+00	0.0000e+00
2.1650e+00	0.0000e+00
2.1750e+00	0.0000e+00
2.1850e+00	0.0000e+00
2.1950e+00	0.0000e+00
2.2050e+00	0.0000e+00
2.2150e+00	0.0000e+00
2.2250e+00	2.3034e-04
2.2350e+00	0.0000e+00
2.2450e+00	2.2625e-04
2.2550e+00	0.0000e+00
2.2650e+00	0.0000e+00
2.2750e+00	0.0000e+00
2.2850e+00	0.0000e+00
2.2950e+00	2.1650e-04
2.3050e+00	2.1462e-04
2.3150e+00	0.0000e+00
2.3250e+00	0.0000e+00
2.3350e+00	0.0000e+00
2.3450e+00	0.0000e+00
2.3550e+00	0.0000e+00
2.3650e+00	0.0000e+00
2.3750e+00	0.0000e+00
2.3850e+00	0.0000e+00
2.3950e+00	0.0000e+00
2.4050e+00	1.9715e-04
2.4150e+00	0.0000e+00
2.4250e+00	0.0000e+00
2.4350e+00	0.0000e+00
2.4450e+00	1.9075e-04
2.4550e+00	0.0000e+00
2.4650e+00	0.0000e+00
2.4750e+00	0.0000e+00
2.4850e+00	0.0000e+00
2.4950e+00	0.0000e+00
2.5050e+00	0.0000e+00
2.5150e+00	0.0000e+00
2.5250e+00	0.0000e+00
2.5350e+00	0.0000e+00
2.5450e+00	0.0000e+00
2.5550e+00	1.7468e-04
2.5650e+00	1.7332e-04
2.5750e+00	0.0000e+00
2.5850e+00	1.7065e-04
2.5950e+00	1.6933e-04
2.6050e+00	1.6804e-04
2.6150e+00	0.0000e+00
2.6250e+00	0.0000e+00
2.6350e+00	0.0000e+00
2.6450e+00	1.6299e-04
2.6550e+00	0.0000e+00
2.6650e+00	0.0000e+00
2.6750e+00	1.5936e-04
2.6850e+00	4.7452e-04
2.6950e+00	3.1400e-04
2.7050e+00	1.0909e-03
2.7150e+00	3.0939e-04
2.7250e+00	3.0713e-04
2.7350e+00	7.6221e-04
2.7450e+00	7.5667e-04
2.7550e+00	1.5024e-03
2.7650e+00	1.4915e-04
2.7750e+00	1.1846e-03
2.7850e+00	1.3232e-03
2.7950e+00	1.6056e-03
2.8050e+00	2.1739e-03
2.8150e+00	2.5902e-03
2.8250e+00	2.5719e-03
2.8350e+00	2.1282e-03
2.8450e+00	2.3950e-03
2.8550e+00	2.0985e-03
2.8650e+00	2.9174e-03
2.8750e+00	2.2073e-03
2.8850e+00	2.8771e-03
2.8950e+00	2.5851e-03
2.9050e+00	3.2429e-03
2.9150e+00	4.6969e-03
2.9250e+00	3.9984e-03
2.9350e+00	3.4417e-03
2.9450e+00	5.7850e-03
2.9550e+00	5.3541e-03
2.9650e+00	5.7072e-03
2.9750e+00	4.5094e-03
2.9850e+00	7.9346e-03
2.9950e+00	1.0043e-02
3.0050e+00	9.8498e-03
3.0150e+00	1.0663e-02
3.0250e+00	1.1714e-02
3.0350e+00	1.1761e-02
3.0450e+00	1.4512e-02
3.0550e+00	1.3562e-02
3.0650e+00	1.6872e-02
3.0750e+00	1.7004e-02
3.0850e+00	2.0488e-02
3.0950e+00	2.2142e-02
3.1050e+00	2.4483e-02
3.1150e+00	2.4561e-02
3.1250e+00	2.6623e-02
3.1350e+00	3.2603e-02
3.1450e+00	3.6200e-02
3.1550e+00	3.6429e-02
3.1650e+00	4.3371e-02
3.1750e+00	4.8302e-02
3.1850e+00	4.8111e-02
3.1950e+00	5.3061e-02
3.2050e+00	6.0723e-02
3.2150e+00	6.3324e-02
3.2250e+00	7.5870e-02
3.2350e+00	8.4445e-02
3.2450e+00	9.0206e-02
3.2550e+00	9.2666e-02
3.2650e+00	1.0215e-01
3.2750e+00	1.1344e-01
3.2850e+00	1.2987e-01
3.2950e+00	1.4315e-01
3.3050e+00	1.4960e-01
3.3150e+00	1.5876e-01
3.3250e+00	1.6472e-01
3.3350e+00	1.8731e-01
3.3450e+00	1.9190e-01
3.3550e+00	2.1041e-01
3.3650e+00	2.2598e-01
3.3750e+00	2.4487e-01
3.3850e+00	2.6661e-01
3.3950e+00	2.7909e-01
3.4050e+00	3.1276e-01
3.4150e+00	3.2296e-01
3.4250e+00	3.4100e-01
3.4350e+00	3.7372e-01
3.4450e+00	3.9432e-01
3.4550e+00	4.2595e-01
3.4650e+00	4.5446e-01
3.4750e+00	4.7064e-01
3.4850e+00	5.0109e-01
3.4950e+00	5.3846e-01
3.5050e+00	5.7066e-01
3.5150e+00	5.9668e-01
3.5250e+00	6.3377e-01
3.5350e+00	6.6733e-01
3.5450e+00	7.1175e-01
3.5550e+00	7.5025e-01
3.5650e+00	7.8211e-01
3.5750e+00	8.1727e-01
3.5850e+00	8.4386e-01
3.5950e+00	8.9978e-01
3.6050e+00	9.1989e-01
3.6150e+00	9.8252e-01
3.6250e+00	9.9403e-01
3.6350e+00	1.0363e+00
3.6450e+00	1.0673e+00
3.6550e+00	1.1068e+00
3.6650e+00	1.1501e+00
3.6750e+00	1.1923e+00
3.6850e+00	1.2217e+00
3.6950e+00	1.2871e+00
3.7050e+00	1.3148e+00
3.7150e+00	1.3332e+00
3.7250e+00	1.3850e+00
3.7350e+00	1.3885e+00
3.7450e+00	1.4424e+00
3.7550e+00	1.4741e+00
3.7650e+00	1.5189e+00
3.7750e+00	1.5379e+00
3.7850e+00	1.5646e+00
3.7950e+00	1.6036e+00
3.8050e+00	1.6141e+00
3.8150e+00	1.6491e+00
3.8250e+00	1.6716e+00
3.8350e+00	1.6781e+00
3.8450e+00	1.7088e+00
3.8550e+00	1.7193e+00
3.8650e+00	1.7413e+00
3.8750e+00	1.7631e+00
3.8850e+00	1.7635e+00
3.8950e+00	1.7788e+00
3.9050e+00	1.7891e+00
3.9150e+00	1.8173e+00
3.9250e+00	1.8205e+00
3.9350e+00	1.8266e+00
3.9450e+00	1.8279e+00
3.9550e+00	1.8181e+00
3.9650e+00	1.8101e+00
3.9750e+00	1.8401e+00
3.9850e+00	1.8273e+00
3.9950e+00	1.8194e+00
4.0050e+00	1.8203e+00
4.0150e+00	1.8284e+00
4.0250e+00	1.8252e+00
4.0350e+00	1.8248e+00
4.0450e+00	1.8153e+00
4.0550e+00	1.7784e+00
4.0650e+00	1.7741e+00
4.0750e+00	1.7829e+00
4.0850e+00	1.7660e+00
4.0950e+00	1.7505e+00
4.1050e+00	1.7289e+00
4.1150e+00	1.7282e+00
4.1250e+00	1.7415e+00
4.1350e+00	1.6986e+00
4.1450e+00	1.6545e+00
4.1550e+00	1.6601e+00
4.1650e+00	1.6163e+00
4.1750e+00	1.6003e+00
4.1850e+00	1.5882e+00
4.1950e+00	1.5614e+00
4.2050e+00	1.5407e+00
4.2150e+00	1.5357e+00
4.2250e+00	1.4885e+00
4.2350e+00	1.4739e+00
4.2450e+00	1.4289e+00
4.2550e+00	1.4135e+00
4.2650e+00	1.4053e+00
4.2750e+00	1.3659e+00
4.2850e+00	1.3447e+00
4.2950e+00	1.3261e+00
4.3050e+00	1.2916e+00
4.3150e+00	1.2541e+00
4.3250e+00	1.2193e+00
4.3350e+00	1.2137e+00
4.3450e+00	1.1785e+00
4.3550e+00	1.1458e+00
4.3650e+00	1.1218e+00
4.3750e+00	1.0908e+00
4.3850e+00	1.0695e+00
4.3950e+00	1.0363e+00
4.4050e+00	1.0212e+00
4.4150e+00	9.9094e-01
4.4250e+00	9.7546e-01
4.4350e+00	9.5930e-01
4.4450e+00	9.2711e-01
4.4550e+00	8.9888e-01
4.4650e+00	8.9543e-01
4.4750e+00	8.6233e-01
4.4850e+00	8.3667e-01
4.4950e+00	8.1692e-01
4.5050e+00	8.0526e-01
4.5150e+00	7.8878e-01
4.5250e+00	7.7009e-01
4.5350e+00	7.5029e-01
4.5450e+00	7.2607e-01
4.5550e+00	7.0414e-01
4.5650e+00	6.9641e-01
4.5750e+00	6.8765e-01
4.5850e+00	6.6388e-01
4.5950e+00	6.5348e-01
4.6050e+00	6.4350e-01
4.6150e+00	6.3236e-01
4.6250e+00	6.2894e-01
4.6350e+00	6.0574e-01
4.6450e+00	6.0017e-01
4.6550e+00	6.0049e-01
4.6650e+00	5.7214e-01
4.6750e+00	5.7308e-01
4.6850e+00	5.5448e-01
4.6950e+00	5.6009e-01
4.7050e+00	5.5962e-01
4.7150e+00	5.5058e-01
4.7250e+00	5.3977e-01
4.7350e+00	5.2554e-01
4.7450e+00	5.2586e-01
4.7550e+00	5.1498e-01
4.7650e+00	5.1814e-01
4.7750e+00	5.2278e-01
4.7850e+00	5.1113e-01
4.7950e+00	5.1019e-01
4.8050e+00	5.0995e-01
4.8150e+00	5.1629e-01
4.8250e+00	5.1562e-01
4.8350e+00	5.0886e-01
4.8450e+00	5.0846e-01
4.8550e+00	5.0037e-01
4.8650e+00	5.1334e-01
4.8750e+00	5.1321e-01
4.8850e+00	5.0786e-01
4.8950e+00	5.0912e-01
4.9050e+00	5.0704e-01
4.9150e+00	5.0819e-01
4.9250e+00	5.1506e-01
4.9350e+00	5.0553e-01
4.9450e+00	5.1552e-01
4.9550e+00	5.1962e-01
4.9650e+00	5.0976e-01
4.9750e+00	5.1757e-01
4.9850e+00	5.2715e-01
4.9950e+00	5.2125e-01
5.0050e+00	5.2245e-01
5.0150e+00	5.3428e-01
5.0250e+00	5.3582e-01
5.0350e+00	5.4129e-01
5.0450e+00	5.3785e-01
5.0550e+00	5.5241e-01
5.0650e+00	5.5468e-01
5.0750e+00	5.5675e-01
5.0850e+00	5.5853e-01
5.0950e+00	5.6011e-01
5.1050e+00	5.7787e-01
5.1150e+00	5.7309e-01
5.1250e+00	5.8427e-01
5.1350e+00	5.8792e-01
5.1450e+00	5.9641e-01
5.1550e+00	5.9671e-01
5.1650e+00	6.0304e-01
5.1750e+00	6.1085e-01
5.1850e+00	6.2151e-01
5.1950e+00	6.1414e-01
5.2050e+00	6.1902e-01
5.2150e+00	6.3254e-01
5.2250e+00	6.3421e-01
5.2350e+00	6.3300e-01
5.2450e+00	6.4613e-01
5.2550e+00	6.5375e-01
5.2650e+00	6.6328e-01
5.2750e+00	6.7232e-01
5.2850e+00	6.7403e-01
5.2950e+00	6.7161e-01
5.3050e+00	6.8310e-01
5.3150e+00	6.9518e-01
5.3250e+00	7.0580e-01
5.3350e+00	7.0729e-01
5.3450e+00	7.1199e-01
5.3550e+00	7.2277e-01
5.3650e+00	7.4056e-01
5.3750e+00	7.2889e-01
5.3850e+00	7.4408e-01
5.3950e+00	7.6138e-01
5.4050e+00	7.6227e-01
5.4150e+00	7.7890e-01
5.4250e+00	7.8115e-01
5.4350e+00	7.8685e-01
5.4450e+00	8.1273e-01
5.4550e+00	8.1217e-01
5.4650e+00	8.2462e-01
5.4750e+00	8.3382e-01
5.4850e+00	8.4507e-01
5.4950e+00	8.5118e-01
5.5050e+00	8.6585e-01
5.5150e+00	8.7718e-01
5.5250e+00	8.8611e-01
5.5350e+00	8.9360e-01
5.5450e+00	9.1638e-01
5.5550e+00	9.3414e-01
5.5650e+00	9.4206e-01
5.5750e+00	9.5680e-01
5.5850e+00	9.6076e-01
5.5950e+00	9.7806e-01
5.6050e+00	9.8898e-01
5.6150e+00	1.0005e+00
5.6250e+00	1.0227e+00
5.6350e+00	1.0262e+00
5.6450e+00	1.0411e+00
5.6550e+00	1.0550e+00
5.6650e+00	1.0653e+00
5.6750e+00	1.0973e+00
5.6850e+00	1.0957e+00
5.6950e+00	1.1248e+00
5.7050e+00	1.1454e+00
5.7150e+00	1.1602e+00
5.7250e+00	1.1720e+00
5.7350e+00	1.1941e+00
5.7450e+00	1.2028e+00
5.7550e+00	1.2165e+00
5.7650e+00	1.2369e+00
5.7750e+00	1.2509e+00
5.7850e+00	1.2712e+00
5.7950e+00	1.2742e+00
5.8050e+00	1.2988e+00
5.8150e+00	1.3234e+00
5.8250e+00	1.3405e+00
5.8350e+00	1.3465e+00
5.8450e+00	1.3766e+00
5.8550e+00	1.3917e+00
5.8650e+00	1.4119e+00
5.8750e+00	1.4256e+00
5.8850e+00	1.4458e+00
5.8950e+00	1.4588e+00
5.9050e+00	1.4781e+00
5.9150e+00	1.5001e+00
5.9250e+00	1.5244e+00
5.9350e+00	1.5347e+00
5.9450e+00	1.5668e+00
5.9550e+00	1.5789e+00
5.9650e+00	1.5958e+00
5.9750e+00	1.6190e+00
5.9850e+00	1.6207e+00
5.9950e+00	1.6417e+00
6.0050e+00	1.6620e+00
6.0150e+00	1.6935e+00
6.0250e+00	1.6858e+00
6.0350e+00	1.7076e+00
6.0450e+00	1.7281e+00
6.0550e+00	1.7385e+00
6.0650e+00	1.7574e+00
6.0750e+00	1.7668e+00
6.0850e+00	1.7805e+00
6.0950e+00	1.7929e+00
6.1050e+00	1.8109e+00
6.1150e+00	1.8148e+00
6.1250e+00	1.8321e+00
6.1350e+00	1.8535e+00
6.1450e+00	1.8582e+00
6.1550e+00	1.8758e+00
6.1650e+00	1.8827e+00
6.1750e+00	1.8799e+00
6.1850e+00	1.8979e+00
6.1950e+00	1.9031e+00
6.2050e+00	1.8989e+00
6.2150e+00	1.9039e+00
6.2250e+00	1.9218e+00
6.2350e+00	1.9114e+00
6.2450e+00	1.9427e+00
6.2550e+00	1.9240e+00
6.2650e+00	1.9267e+00
6.2750e+00	1.9329e+00
6.2850e+00	1.9318e+00
6.2950e+00	1.9272e+00
6.3050e+00	1.9335e+00
6.3150e+00	1.9491e+00
6.3250e+00	1.9248e+00
6.3350e+00	1.9305e+00
6.3450e+00	1.9267e+00
6.3550e+00	1.9344e+00
6.3650e+00	1.9225e+00
6.3750e+00	1.9103e+00
6.3850e+00	1.9055e+00
6.3950e+00	1.8970e+00
6.4050e+00	1.8800e+00
6.4150e+00	1.8707e+00
6.4250e+00	1.8545e+00
6.4350e+00	1.8529e+00
6.4450e+00	1.8409e+00
6.4550e+00	1.8339e+00
6.4650e+00	1.8199e+00
6.4750e+00	1.8085e+00
6.4850e+00	1.7982e+00
6.4950e+00	1.7765e+00
6.5050e+00	1.7625e+00
6.5150e+00	1.7539e+00
6.5250e+00	1.7396e+00
6.5350e+00	1.7259e+00
6.5450e+00	1.7186e+00
6.5550e+00	1.7019e+00
6.5650e+00	1.6828e+00
6.5750e+00	1.6676e+00
6.5850e+00	1.6675e+00
6.5950e+00	1.6471e+00
6.6050e+00	1.6277e+00
6.6150e+00	1.6111e+00
6.6250e+00	1.6003e+00
6.6350e+00	1.5727e+00
6.6450e+00	1.5531e+00
6.6550e+00	1.5498e+00
6.6650e+00	1.5230e+00
6.6750e+00	1.5079e+00
6.6850e+00	1.5176e+00
6.6950e+00	1.4864e+00
6.7050e+00	1.4704e+00
6.7150e+00	1.4632e+00
6.7250e+00	1.4427e+00
6.7350e+00	1.4288e+00
6.7450e+00	1.3996e+00
6.7550e+00	1.3960e+00
6.7650e+00	1.3917e+00
6.7750e+00	1.3710e+00
6.7850e+00	1.3594e+00
6.7950e+00	1.3421e+00
6.8050e+00	1.3342e+00
6.8150e+00	1.3141e+00
6.8250e+00	1.3196e+00
6.8350e+00	1.3079e+00
6.8450e+00	1.2961e+00
6.8550e+00	1.2881e+00
6.8650e+00	1.2873e+00
6.8750e+00	1.2688e+00
6.8850e+00	1.2736e+00
6.8950e+00	1.2590e+00
6.9050e+00	1.2556e+00
6.9150e+00	1.2533e+00
6.9250e+00	1.2468e+00
6.9350e+00	1.2460e+00
6.9450e+00	1.2460e+00
6.9550e+00	1.2449e+00
6.9650e+00	1.2339e+00
6.9750e+00	1.2431e+00
6.9850e+00	1.2288e+00
6.9950e+00	1.2360e+00
7.0050e+00	1.2252e+00
7.0150e+00	1.2303e+00
7.0250e+00	1.2311e+00
7.0350e+00	1.2312e+00
7.0450e+00	1.2394e+00
7.0550e+00	1.2215e+00
7.0650e+00	1.2361e+00
7.0750e+00	1.2229e+00
7.0850e+00	1.2421e+00
7.0950e+00	1.2392e+00
7.1050e+00	1.2423e+00
7.1150e+00	1.2421e+00
7.1250e+00	1.2391e+00
7.1350e+00	1.2589e+00
7.1450e+00	1.2533e+00
7.1550e+00	1.2651e+00
7.1650e+00	1.2561e+00
7.1750e+00	1.2676e+00
7.1850e+00	1.2680e+00
7.1950e+00	1.2621e+00
7.2050e+00	1.2851e+00
7.2150e+00	1.2826e+00
7.2250e+00	1.2875e+00
7.2350e+00	1.2939e+00
7.2450e+00	1.2947e+00
7.2550e+00	1.2954e+00
7.2650e+00	1.3072e+00
7.2750e+00	1.3122e+00
7.2850e+00	1.3087e+00
7.2950e+00	1.3157e+00
7.3050e+00	1.3149e+00
7.3150e+00	1.3292e+00
7.3250e+00	1.3331e+00
7.3350e+00	1.3286e+00
7.3450e+00	1.3330e+00
7.3550e+00	1.3275e+00
7.3650e+00	1.3424e+00
7.3750e+00	1.3508e+00
7.3850e+00	1.3531e+00
7.3950e+00	1.3482e+00
7.4050e+00	1.3613e+00
7.4150e+00	1.3611e+00
7.4250e+00	1.3649e+00
7.4350e+00	1.3668e+00
7.4450e+00	1.3723e+00
7.4550e+00	1.3768e+00
7.4650e+00	1.3690e+00
7.4750e+00	1.3846e+00
7.4850e+00	1.3854e+00
7.4950e+00	1.3892e+00
7.5050e+00	1.3818e+00
7.5150e+00	1.3817e+00
7.5250e+00	1.3914e+00
7.5350e+00	1.3992e+00
7.5450e+00	1.4069e+00
7.5550e+00	1.3970e+00
7.5650e+00	1.3928e+00
7.5750e+00	1.4018e+00
7.5850e+00	1.4025e+00
7.5950e+00	1.4038e+00
7.6050e+00	1.4110e+00
7.6150e+00	1.4109e+00
7.6250e+00	1.4133e+00
7.6350e+00	1.4094e+00
7.6450e+00	1.4141e+00
7.6550e+00	1.4206e+00
7.6650e+00	1.4217e+00
7.6750e+00	1.4344e+00
7.6850e+00	1.4161e+00
7.6950e+00	1.4214e+00
7.7050e+00	1.4321e+00
7.7150e+00	1.4227e+00
7.7250e+00	1.4244e+00
7.7350e+00	1.4233e+00
7.7450e+00	1.4270e+00
7.7550e+00	1.4302e+00
7.7650e+00	1.4283e+00
7.7750e+00	1.4274e+00
7.7850e+00	1.4223e+00
7.7950e+00	1.4255e+00
7.8050e+00	1.4325e+00
7.8150e+00	1.4198e+00
7.8250e+00	1.4279e+00
7.8350e+00	1.4273e+00
7.8450e+00	1.4264e+00
7.8550e+00	1.4335e+00
7.8650e+00	1.4192e+00
7.8750e+00	1.4178e+00
7.8850e+00	1.4135e+00
7.8950e+00	1.4131e+00
7.9050e+00	1.4176e+00
7.9150e+00	1.4103e+00
7.9250e+00	1.4028e+00
7.9350e+00	1.4033e+00
7.9450e+00	1.3950e+00
7.9550e+00	1.3938e+00
7.9650e+00	1.3899e+00
7.9750e+00	1.3800e+00
7.9850e+00	1.3784e+00
7.9950e+00	1.3707e+00
