# r	g(r)
5.0000e-03	0.0000e+00
1.5000e-02	0.0000e+00
2.5000e-02	0.0000e+00
3.5000e-02	0.0000e+00
4.5000e-02	0.0000e+00
5.5000e-02	0.0000e+00
6.5000e-02	0.0000e+00
7.5000e-02	0.0000e+00
8.5000e-02	0.0000e+00
9.5000e-02	0.0000e+00
1.0500e-01	0.0000e+00
1.1500e-01	0.0000e+00
1.2500e-01	0.0000e+00
1.3500e-01	0.0000e+00
1.4500e-01	0.0000e+00
1.5500e-01	0.0000e+00
1.6500e-01	0.0000e+00
1.7500e-01	0.0000e+00
1.8500e-01	0.0000e+00
1.9500e-01	0.0000e+00
2.0500e-01	0.0000e+00
2.1500e-01	0.0000e+00
2.2500e-01	0.0000e+00
2.3500e-01	0.0000e+00
2.4500e-01	0.0000e+00
2.5500e-01	0.0000e+00
2.6500e-01	0.0000e+00
2.7500e-01	0.0000e+00
2.8500e-01	0.0000e+00
2.9500e-01	0.0000e+00
3.0500e-01	0.0000e+00
3.1500e-01	0.0000e+00
3.2500e-01	0.0000e+00
3.3500e-01	0.0000e+00
3.4500e-01	0.0000e+00
3.5500e-01	0.0000e+00
3.6500e-01	0.0000e+00
3.7500e-01	0.0000e+00
3.8500e-01	0.0000e+00
3.9500e-01	0.0000e+00
4.0500e-01	0.0000e+00
4.1500e-01	0.0000e+00
4.2500e-01	0.0000e+00
4.3500e-01	0.0000e+00
4.4500e-01	0.0000e+00
4.5500e-01	0.0000e+00
4.6500e-01	0.0000e+00
4.7500e-01	0.0000e+00
4.8500e-01	0.0000e+00
4.9500e-01	0.0000e+00
5.0500e-01	0.0000e+00
5.1500e-01	0.0000e+00
5.2500e-01	0.0000e+00
5.3500e-01	0.0000e+00
5.4500e-01	0.0000e+00
5.5500e-01	0.0000e+00
5.6500e-01	0.0000e+00
5.7500e-01	0.0000e+00
5.8500e-01	0.0000e+00
5.9500e-01	0.0000e+00
6.0500e-01	0.0000e+00
6.1500e-01	0.0000e+00
6.2500e-01	0.0000e+00
6.3500e-01	0.0000e+00
6.4500e-01	0.0000e+00
6.5500e-01	0.0000e+00
6.6500e-01	0.0000e+00
6.7500e-01	0.0000e+00
6.8500e-01	0.0000e+00
6.9500e-01	0.0000e+00
7.0500e-01	0.0000e+00
7.1500e-01	0.0000e+00
7.2500e-01	0.0000e+00
7.3500e-01	0.0000e+00
7.4500e-01	0.0000e+00
7.5500e-01	0.0000e+00
7.6500e-01	0.0000e+00
7.7500e-01	0.0000e+00
7.8500e-01	0.0000e+00
7.9500e-01	0.0000e+00
8.0500e-01	0.0000e+00
8.1500e-01	0.0000e+00
8.2500e-01	0.0000e+00
8.3500e-01	0.0000e+00
8.4500e-01	0.0000e+00
8.5500e-01	0.0000e+00
8.6500e-01	0.0000e+00
8.7500e-01	0.0000e+00
8.8500e-01	0.0000e+00
8.9500e-01	0.0000e+00
9.0500e-01	0.0000e+00
9.1500e-01	0.0000e+00
9.2500e-01	0.0000e+00
9.3500e-01	0.0000e+00
9.4500e-01	0.0000e+00
9.5500e-01	0.0000e+00
9.6500e-01	0.0000e+00
9.7500e-01	0.0000e+00
9.8500e-01	0.0000e+00
9.9500e-01	0.0000e+00
1.0050e+00	0.0000e+00
1.0150e+00	0.0000e+00
1.0250e+00	0.0000e+00
1.0350e+00	0.0000e+00
1.0450e+00	0.0000e+00
1.0550e+00	0.0000e+00
1.0650e+00	0.0000e+00
1.0750e+00	0.0000e+00
1.0850e+00	0.0000e+00
1.0950e+00	0.0000e+00
1.1050e+00	0.0000e+00
1.1150e+00	0.0000e+00
1.1250e+00	0.0000e+00
1.1350e+00	0.0000e+00
1.1450e+00	0.0000e+00
1.1550e+00	0.0000e+00
1.1650e+00	0.0000e+00
1.1750e+00	0.0000e+00
1.1850e+00	0.0000e+00
1.1950e+00	0.0000e+00
1.2050e+00	0.0000e+00
1.2150e+00	0.0000e+00
1.2250e+00	0.0000e+00
1.2350e+00	0.0000e+00
1.2450e+00	0.0000e+00
1.2550e+00	0.0000e+00
1.2650e+00	0.0000e+00
1.2750e+00	0.0000e+00
1.2850e+00	0.0000e+00
1.2950e+00	0.0000e+00
1.3050e+00	0.0000e+00
1.3150e+00	0.0000e+00
1.3250e+00	0.0000e+00
1.3350e+00	0.0000e+00
1.3450e+00	0.0000e+00
1.3550e+00	0.0000e+00
1.3650e+00	0.0000e+00
1.3750e+00	0.0000e+00
1.3850e+00	0.0000e+00
1.3950e+00	0.0000e+00
1.4050e+00	0.0000e+00
1.4150e+00	0.0000e+00
1.4250e+00	0.0000e+00
1.4350e+00	0.0000e+00
1.4450e+00	0.0000e+00
1.4550e+00	0.0000e+00
1.4650e+00	0.0000e+00
1.4750e+00	0.0000e+00
1.4850e+00	0.0000e+00
1.4950e+00	0.0000e+00
1.5050e+00	0.0000e+00
1.5150e+00	0.0000e+00
1.5250e+00	0.0000e+00
1.5350e+00	0.0000e+00
1.5450e+00	0.0000e+00
1.5550e+00	0.0000e+00
1.5650e+00	0.0000e+00
1.5750e+00	0.0000e+00
1.5850e+00	0.0000e+00
1.5950e+00	0.0000e+00
1.6050e+00	0.0000e+00
1.6150e+00	0.0000e+00
1.6250e+00	0.0000e+00
1.6350e+00	0.0000e+00
1.6450e+00	0.0000e+00
1.6550e+00	0.0000e+00
1.6650e+00	0.0000e+00
1.6750e+00	0.0000e+00
1.6850e+00	0.0000e+00
1.6950e+00	0.0000e+00
1.7050e+00	3.1381e-04
1.7150e+00	0.0000e+00
1.7250e+00	3.0657e-04
1.7350e+00	9.0914e-04
1.7450e+00	1.1983e-03
1.7550e+00	3.2580e-03
1.7650e+00	7.0280e-03
1.7750e+00	1.3029e-02
1.7850e+00	3.0921e-02
1.7950e+00	6.0872e-02
1.8050e+00	1.0724e-01
1.8150e+00	1.8581e-01
1.8250e+00	3.1608e-01
1.8350e+00	5.4129e-01
1.8450e+00	8.5998e-01
1.8550e+00	1.2781e+00
1.8650e+00	1.8729e+00
1.8750e+00	2.6693e+00
1.8850e+00	3.6749e+00
1.8950e+00	4.9440e+00
1.9050e+00	6.3972e+00
1.9150e+00	8.0806e+00
1.9250e+00	9.9892e+00
1.9350e+00	1.1957e+01
1.9450e+00	1.4021e+01
1.9550e+00	1.6158e+01
1.9650e+00	1.8351e+01
1.9750e+00	2.0142e+01
1.9850e+00	2.1929e+01
1.9950e+00	2.3527e+01
2.0050e+00	2.4548e+01
2.0150e+00	2.5226e+01
2.0250e+00	2.5753e+01
2.0350e+00	2.5806e+01
2.0450e+00	2.5432e+01
2.0550e+00	2.4676e+01
2.0650e+00	2.3846e+01
2.0750e+00	2.2639e+01
2.0850e+00	2.1455e+01
2.0950e+00	2.0123e+01
2.1050e+00	1.8604e+01
2.1150e+00	1.7042e+01
2.1250e+00	1.5373e+01
2.1350e+00	1.3857e+01
2.1450e+00	1.2321e+01
2.1550e+00	1.0869e+01
2.1650e+00	9.4947e+00
2.1750e+00	8.2018e+00
2.1850e+00	6.9695e+00
2.1950e+00	5.9714e+00
2.2050e+00	5.0139e+00
2.2150e+00	4.1914e+00
2.2250e+00	3.5520e+00
2.2350e+00	2.8834e+00
2.2450e+00	2.3798e+00
2.2550e+00	2.0197e+00
2.2650e+00	1.6549e+00
2.2750e+00	1.3806e+00
2.2850e+00	1.1521e+00
2.2950e+00	9.6593e-01
2.3050e+00	7.6561e-01
2.3150e+00	6.2658e-01
2.3250e+00	5.1319e-01
2.3350e+00	4.4489e-01
2.3450e+00	3.5252e-01
2.3550e+00	2.9575e-01
2.3650e+00	2.3144e-01
2.3750e+00	1.9925e-01
2.3850e+00	1.4995e-01
2.3950e+00	1.3534e-01
2.4050e+00	1.0614e-01
2.4150e+00	9.1033e-02
2.4250e+00	7.6012e-02
2.4350e+00	5.3849e-02
2.4450e+00	4.4406e-02
2.4550e+00	3.8294e-02
2.4650e+00	2.9126e-02
2.4750e+00	2.3977e-02
2.4850e+00	1.9204e-02
2.4950e+00	1.4361e-02
2.5050e+00	1.1049e-02
2.5150e+00	9.8072e-03
2.5250e+00	9.3004e-03
2.5350e+00	5.1104e-03
2.5450e+00	5.4929e-03
2.5550e+00	3.2141e-03
2.5650e+00	4.5756e-03
2.5750e+00	2.6140e-03
2.5850e+00	2.0478e-03
2.5950e+00	1.6256e-03
2.6050e+00	1.8820e-03
2.6150e+00	1.0672e-03
2.6250e+00	5.2956e-04
2.6350e+00	7.8832e-04
2.6450e+00	1.4343e-03
2.6550e+00	7.7648e-04
2.6650e+00	2.5689e-04
2.6750e+00	1.2749e-04
2.6850e+00	5.0615e-04
2.6950e+00	1.2560e-04
2.7050e+00	2.4935e-04
2.7150e+00	3.7127e-04
2.7250e+00	6.1425e-04
2.7350e+00	0.0000e+00
2.7450e+00	0.0000e+00
2.7550e+00	0.0000e+00
2.7650e+00	1.1932e-04
2.7750e+00	0.0000e+00
2.7850e+00	0.0000e+00
2.7950e+00	0.0000e+00
2.8050e+00	0.0000e+00
2.8150e+00	0.0000e+00
2.8250e+00	0.0000e+00
2.8350e+00	0.0000e+00
2.8450e+00	1.1271e-04
2.8550e+00	0.0000e+00
2.8650e+00	0.0000e+00
2.8750e+00	0.0000e+00
2.8850e+00	0.0000e+00
2.8950e+00	1.0885e-04
2.9050e+00	0.0000e+00
2.9150e+00	0.0000e+00
2.9250e+00	0.0000e+00
2.9350e+00	1.0590e-04
2.9450e+00	0.0000e+00
2.9550e+00	1.0447e-04
2.9650e+00	2.0754e-04
2.9750e+00	0.0000e+00
2.9850e+00	0.0000e+00
2.9950e+00	1.0170e-04
3.0050e+00	1.0102e-04
3.0150e+00	2.0071e-04
3.0250e+00	0.0000e+00
3.0350e+00	0.0000e+00
3.0450e+00	0.0000e+00
3.0550e+00	9.7744e-05
3.0650e+00	3.8843e-04
3.0750e+00	9.6476e-05
3.0850e+00	1.9170e-04
3.0950e+00	6.6663e-04
3.1050e+00	5.6773e-04
3.1150e+00	3.7606e-04
3.1250e+00	1.8683e-04
3.1350e+00	2.7846e-04
3.1450e+00	4.6115e-04
3.1550e+00	6.4152e-04
3.1650e+00	4.5534e-04
3.1750e+00	9.0495e-04
3.1850e+00	1.3489e-03
3.1950e+00	9.8302e-04
3.2050e+00	8.8809e-04
3.2150e+00	1.7651e-03
3.2250e+00	1.3157e-03
3.2350e+00	2.0921e-03
3.2450e+00	2.0792e-03
3.2550e+00	2.5830e-03
3.2650e+00	3.6797e-03
3.2750e+00	3.8274e-03
3.2850e+00	4.1423e-03
3.2950e+00	5.1254e-03
3.3050e+00	5.6791e-03
3.3150e+00	6.7240e-03
3.3250e+00	7.5088e-03
3.3350e+00	6.1515e-03
3.3450e+00	7.0931e-03
3.3550e+00	1.0212e-02
3.3650e+00	1.1360e-02
3.3750e+00	1.4015e-02
3.3850e+00	1.3455e-02
3.3950e+00	1.5513e-02
3.4050e+00	1.7389e-02
3.4150e+00	2.0025e-02
3.4250e+00	2.4107e-02
3.4350e+00	2.6983e-02
3.4450e+00	3.0362e-02
3.4550e+00	3.1180e-02
3.4650e+00	3.7079e-02
3.4750e+00	4.2758e-02
3.4850e+00	4.8372e-02
3.4950e+00	5.3024e-02
3.5050e+00	5.6509e-02
3.5150e+00	6.7042e-02
3.5250e+00	7.0186e-02
3.5350e+00	7.2856e-02
3.5450e+00	8.8560e-02
3.5550e+00	1.0026e-01
3.5650e+00	1.0487e-01
3.5750e+00	1.1585e-01
3.5850e+00	1.3167e-01
3.5950e+00	1.4251e-01
3.6050e+00	1.6039e-01
3.6150e+00	1.7438e-01
3.6250e+00	1.8182e-01
3.6350e+00	2.0408e-01
3.6450e+00	2.1992e-01
3.6550e+00	2.3088e-01
3.6650e+00	2.5454e-01
3.6750e+00	2.7018e-01
3.6850e+00	3.1232e-01
3.6950e+00	3.3388e-01
3.7050e+00	3.6338e-01
3.7150e+00	3.7656e-01
3.7250e+00	4.1287e-01
3.7350e+00	4.3637e-01
3.7450e+00	4.6285e-01
3.7550e+00	4.9921e-01
3.7650e+00	5.3472e-01
3.7750e+00	5.7107e-01
3.7850e+00	6.1785e-01
3.7950e+00	6.5242e-01
3.8050e+00	6.9694e-01
3.8150e+00	7.2839e-01
3.8250e+00	7.5689e-01
3.8350e+00	8.0964e-01
3.8450e+00	8.6547e-01
3.8550e+00	8.9475e-01
3.8650e+00	9.6640e-01
3.8750e+00	9.9708e-01
3.8850e+00	1.0339e+00
3.8950e+00	1.0813e+00
3.9050e+00	1.1362e+00
3.9150e+00	1.1827e+00
3.9250e+00	1.2359e+00
3.9350e+00	1.2863e+00
3.9450e+00	1.3406e+00
3.9550e+00	1.3631e+00
3.9650e+00	1.4109e+00
3.9750e+00	1.4557e+00
3.9850e+00	1.5174e+00
3.9950e+00	1.5341e+00
4.0050e+00	1.5895e+00
4.0150e+00	1.6406e+00
4.0250e+00	1.6624e+00
4.0350e+00	1.7177e+00
4.0450e+00	1.7341e+00
4.0550e+00	1.7817e+00
4.0650e+00	1.8092e+00
4.0750e+00	1.8237e+00
4.0850e+00	1.8689e+00
4.0950e+00	1.8911e+00
4.1050e+00	1.9175e+00
4.1150e+00	1.9511e+00
4.1250e+00	1.9782e+00
4.1350e+00	1.9846e+00
4.1450e+00	1.9931e+00
4.1550e+00	1.9924e+00
4.1650e+00	2.0186e+00
4.1750e+00	2.0173e+00
4.1850e+00	2.0053e+00
4.1950e+00	2.0082e+00
4.2050e+00	1.9947e+00
4.2150e+00	2.0052e+00
4.2250e+00	1.9771e+00
4.2350e+00	1.9785e+00
4.2450e+00	1.9258e+00
4.2550e+00	1.9169e+00
4.2650e+00	1.9017e+00
4.2750e+00	1.8836e+00
4.2850e+00	1.8417e+00
4.2950e+00	1.8248e+00
4.3050e+00	1.8045e+00
4.3150e+00	1.7401e+00
4.3250e+00	1.7239e+00
4.3350e+00	1.6988e+00
4.3450e+00	1.6475e+00
4.3550e+00	1.6190e+00
4.3650e+00	1.5712e+00
4.3750e+00	1.5404e+00
4.3850e+00	1.4785e+00
4.3950e+00	1.4374e+00
4.4050e+00	1.3975e+00
4.4150e+00	1.3570e+00
4.4250e+00	1.3194e+00
4.4350e+00	1.2565e+00
4.4450e+00	1.2212e+00
4.4550e+00	1.1814e+00
4.4650e+00	1.1377e+00
4.4750e+00	1.1029e+00
4.4850e+00	1.0462e+00
4.4950e+00	1.0184e+00
4.5050e+00	9.7027e-01
4.5150e+00	9.1930e-01
4.5250e+00	8.9965e-01
4.5350e+00	8.5342e-01
4.5450e+00	8.0639e-01
4.5550e+00	7.6671e-01
4.5650e+00	7.3613e-01
4.5750e+00	6.8758e-01
4.5850e+00	6.5538e-01
4.5950e+00	6.1892e-01
4.6050e+00	5.9855e-01
4.6150e+00	5.5189e-01
4.6250e+00	5.1462e-01
4.6350e+00	4.9334e-01
4.6450e+00	4.6441e-01
4.6550e+00	4.3333e-01
4.6650e+00	4.0229e-01
4.6750e+00	3.7712e-01
4.6850e+00	3.5265e-01
4.6950e+00	3.4147e-01
4.7050e+00	3.2192e-01
4.7150e+00	2.9750e-01
4.7250e+00	2.7581e-01
4.7350e+00	2.6553e-01
4.7450e+00	2.4561e-01
4.7550e+00	2.3095e-01
4.7650e+00	2.1555e-01
4.7750e+00	2.0617e-01
4.7850e+00	1.9344e-01
4.7950e+00	1.8184e-01
4.8050e+00	1.6757e-01
4.8150e+00	1.5712e-01
4.8250e+00	1.5090e-01
4.8350e+00	1.4680e-01
4.8450e+00	1.3909e-01
4.8550e+00	1.2888e-01
4.8650e+00	1.2538e-01
4.8750e+00	1.1949e-01
4.8850e+00	1.2137e-01
4.8950e+00	1.1707e-01
4.9050e+00	1.1352e-01
4.9150e+00	1.1514e-01
4.9250e+00	1.1223e-01
4.9350e+00	1.1443e-01
4.9450e+00	1.1475e-01
4.9550e+00	1.1176e-01
4.9650e+00	1.2008e-01
4.9750e+00	1.1592e-01
4.9850e+00	1.2022e-01
4.9950e+00	1.2453e-01
5.0050e+00	1.2360e-01
5.0150e+00	1.3279e-01
5.0250e+00	1.3385e-01
5.0350e+00	1.4412e-01
5.0450e+00	1.4616e-01
5.0550e+00	1.5733e-01
5.0650e+00	1.6176e-01
5.0750e+00	1.7416e-01
5.0850e+00	1.7711e-01
5.0950e+00	1.9180e-01
5.1050e+00	1.9777e-01
5.1150e+00	2.0969e-01
5.1250e+00	2.1554e-01
5.1350e+00	2.3007e-01
5.1450e+00	2.2979e-01
5.1550e+00	2.4648e-01
5.1650e+00	2.5753e-01
5.1750e+00	2.6852e-01
5.1850e+00	2.6935e-01
5.1950e+00	2.9053e-01
5.2050e+00	3.0106e-01
5.2150e+00	3.0843e-01
5.2250e+00	3.2072e-01
5.2350e+00	3.3304e-01
5.2450e+00	3.4593e-01
5.2550e+00	3.5185e-01
5.2650e+00	3.6414e-01
5.2750e+00	3.7571e-01
5.2850e+00	3.8487e-01
5.2950e+00	3.9803e-01
5.3050e+00	4.0687e-01
5.3150e+00	4.1845e-01
5.3250e+00	4.2730e-01
5.3350e+00	4.2698e-01
5.3450e+00	4.4349e-01
5.3550e+00	4.5450e-01
5.3650e+00	4.6311e-01
5.3750e+00	4.7209e-01
5.3850e+00	4.7072e-01
5.3950e+00	4.8978e-01
5.4050e+00	4.9494e-01
5.4150e+00	4.9572e-01
5.4250e+00	4.9910e-01
5.4350e+00	5.0252e-01
5.4450e+00	5.1458e-01
5.4550e+00	5.1110e-01
5.4650e+00	5.1776e-01
5.4750e+00	5.2448e-01
5.4850e+00	5.2354e-01
5.4950e+00	5.2396e-01
5.5050e+00	5.2543e-01
5.5150e+00	5.2899e-01
5.5250e+00	5.3012e-01
5.5350e+00	5.2371e-01
5.5450e+00	5.1752e-01
5.5550e+00	5.1853e-01
5.5650e+00	5.2156e-01
5.5750e+00	5.0980e-01
5.5850e+00	5.0940e-01
5.5950e+00	5.1263e-01
5.6050e+00	4.9901e-01
5.6150e+00	4.9492e-01
5.6250e+00	4.9449e-01
5.6350e+00	4.8492e-01
5.6450e+00	4.8632e-01
5.6550e+00	4.7571e-01
5.6650e+00	4.6962e-01
5.6750e+00	4.5859e-01
5.6850e+00	4.5579e-01
5.6950e+00	4.5262e-01
5.7050e+00	4.4448e-01
5.7150e+00	4.3672e-01
5.7250e+00	4.2186e-01
5.7350e+00	4.1784e-01
5.7450e+00	4.2106e-01
5.7550e+00	4.1142e-01
5.7650e+00	4.0266e-01
5.7750e+00	3.9482e-01
5.7850e+00	3.9362e-01
5.7950e+00	3.9033e-01
5.8050e+00	3.8482e-01
5.8150e+00	3.7694e-01
5.8250e+00	3.7640e-01
5.8350e+00	3.7232e-01
5.8450e+00	3.6584e-01
5.8550e+00	3.5946e-01
5.8650e+00	3.6089e-01
5.8750e+00	3.5559e-01
5.8850e+00	3.5704e-01
5.8950e+00	3.5071e-01
5.9050e+00	3.5198e-01
5.9150e+00	3.5523e-01
5.9250e+00	3.5237e-01
5.9350e+00	3.5447e-01
5.9450e+00	3.6130e-01
5.9550e+00	3.6248e-01
5.9650e+00	3.7022e-01
5.9750e+00	3.7621e-01
5.9850e+00	3.8489e-01
5.9950e+00	3.9612e-01
6.0050e+00	4.0459e-01
6.0150e+00	4.1182e-01
6.0250e+00	4.2106e-01
6.0350e+00	4.3369e-01
6.0450e+00	4.4938e-01
6.0550e+00	4.5830e-01
6.0650e+00	4.8077e-01
6.0750e+00	4.9709e-01
6.0850e+00	5.0984e-01
6.0950e+00	5.2479e-01
6.1050e+00	5.4753e-01
6.1150e+00	5.7382e-01
6.1250e+00	5.8916e-01
6.1350e+00	6.0719e-01
6.1450e+00	6.2995e-01
6.1550e+00	6.4337e-01
6.1650e+00	6.7155e-01
6.1750e+00	7.0502e-01
6.1850e+00	7.1858e-01
6.1950e+00	7.4673e-01
6.2050e+00	7.7447e-01
6.2150e+00	8.0358e-01
6.2250e+00	8.1835e-01
6.2350e+00	8.5135e-01
6.2450e+00	8.7706e-01
6.2550e+00	8.9797e-01
6.2650e+00	9.2089e-01
6.2750e+00	9.5490e-01
6.2850e+00	9.8138e-01
6.2950e+00	9.9784e-01
6.3050e+00	1.0192e+00
6.3150e+00	1.0509e+00
6.3250e+00	1.0763e+00
6.3350e+00	1.1098e+00
6.3450e+00	1.1225e+00
6.3550e+00	1.1476e+00
6.3650e+00	1.1638e+00
6.3750e+00	1.1890e+00
6.3850e+00	1.2037e+00
6.3950e+00	1.2198e+00
6.4050e+00	1.2346e+00
6.4150e+00	1.2636e+00
6.4250e+00	1.2795e+00
6.4350e+00	1.2867e+00
6.4450e+00	1.3118e+00
6.4550e+00	1.3171e+00
6.4650e+00	1.3248e+00
6.4750e+00	1.3490e+00
6.4850e+00	1.3547e+00
6.4950e+00	1.3597e+00
6.5050e+00	1.3806e+00
6.5150e+00	1.3692e+00
6.5250e+00	1.3700e+00
6.5350e+00	1.3870e+00
6.5450e+00	1.3872e+00
6.5550e+00	1.3838e+00
6.5650e+00	1.3807e+00
6.5750e+00	1.3883e+00
6.5850e+00	1.3840e+00
6.5950e+00	1.3797e+00
6.6050e+00	1.3847e+00
6.6150e+00	1.3782e+00
6.6250e+00	1.3786e+00
6.6350e+00	1.3693e+00
6.6450e+00	1.3621e+00
6.6550e+00	1.3632e+00
6.6650e+00	1.3461e+00
6.6750e+00	1.3417e+00
6.6850e+00	1.3222e+00
6.6950e+00	1.3279e+00
6.7050e+00	1.3161e+00
6.7150e+00	1.3097e+00
6.7250e+00	1.2980e+00
6.7350e+00	1.2811e+00
6.7450e+00	1.2728e+00
6.7550e+00	1.2577e+00
6.7650e+00	1.2494e+00
6.7750e+00	1.2410e+00
6.7850e+00	1.2377e+00
6.7950e+00	1.2206e+00
6.8050e+00	1.2122e+00
6.8150e+00	1.2043e+00
6.8250e+00	1.1969e+00
6.8350e+00	1.1887e+00
6.8450e+00	1.1830e+00
6.8550e+00	1.1657e+00
6.8650e+00	1.1622e+00
6.8750e+00	1.1591e+00
6.8850e+00	1.1422e+00
6.8950e+00	1.1351e+00
6.9050e+00	1.1276e+00
6.9150e+00	1.1195e+00
6.9250e+00	1.1166e+00
6.9350e+00	1.1083e+00
6.9450e+00	1.0966e+00
6.9550e+00	1.1006e+00
6.9650e+00	1.0827e+00
6.9750e+00	1.0814e+00
6.9850e+00	1.0722e+00
6.9950e+00	1.0709e+00
7.0050e+00	1.0584e+00
7.0150e+00	1.0596e+00
7.0250e+00	1.0461e+00
7.0350e+00	1.0403e+00
7.0450e+00	1.0365e+00
7.0550e+00	1.0284e+00
7.0650e+00	1.0218e+00
7.0750e+00	1.0145e+00
7.0850e+00	1.0025e+00
7.0950e+00	1.0028e+00
7.1050e+00	9.9405e-01
7.1150e+00	9.8566e-01
7.1250e+00	9.8018e-01
7.1350e+00	9.7240e-01
7.1450e+00	9.6843e-01
7.1550e+00	9.6246e-01
7.1650e+00	9.4897e-01
7.1750e+00	9.4748e-01
7.1850e+00	9.4014e-01
7.1950e+00	9.3743e-01
7.2050e+00	9.2592e-01
7.2150e+00	9.1664e-01
7.2250e+00	9.0390e-01
7.2350e+00	8.9534e-01
7.2450e+00	8.9083e-01
7.2550e+00	8.9126e-01
7.2650e+00	8.7914e-01
7.2750e+00	8.7100e-01
7.2850e+00	8.6184e-01
7.2950e+00	8.4976e-01
7.3050e+00	8.4385e-01
7.3150e+00	8.4043e-01
7.3250e+00	8.2333e-01
7.3350e+00	8.1478e-01
7.3450e+00	8.0790e-01
7.3550e+00	7.9395e-01
7.3650e+00	7.8391e-01
7.3750e+00	7.8618e-01
7.3850e+00	7.6648e-01
7.3950e+00	7.6016e-01
7.4050e+00	7.4541e-01
7.4150e+00	7.4092e-01
7.4250e+00	7.2792e-01
7.4350e+00	7.2634e-01
7.4450e+00	7.1550e-01
7.4550e+00	7.0782e-01
7.4650e+00	6.9435e-01
7.4750e+00	6.8285e-01
7.4850e+00	6.8321e-01
7.4950e+00	6.7432e-01
7.5050e+00	6.5795e-01
7.5150e+00	6.5365e-01
7.5250e+00	6.3926e-01
7.5350e+00	6.4028e-01
7.5450e+00	6.2796e-01
7.5550e+00	6.3060e-01
7.5650e+00	6.2293e-01
7.5750e+00	6.1734e-01
7.5850e+00	6.1852e-01
7.5950e+00	6.1811e-01
7.6050e+00	6.1180e-01
7.6150e+00	6.2531e-01
7.6250e+00	6.2284e-01
7.6350e+00	6.2988e-01
7.6450e+00	6.3648e-01
7.6550e+00	6.4971e-01
7.6650e+00	6.6595e-01
7.6750e+00	6.8511e-01
7.6850e+00	7.0126e-01
7.6950e+00	7.2341e-01
7.7050e+00	7.5396e-01
7.7150e+00	7.7864e-01
7.7250e+00	8.1597e-01
7.7350e+00	8.5275e-01
7.7450e+00	8.8449e-01
7.7550e+00	9.3398e-01
7.7650e+00	9.7406e-01
7.7750e+00	1.0242e+00
7.7850e+00	1.0759e+00
7.7950e+00	1.1245e+00
7.8050e+00	1.1833e+00
7.8150e+00	1.2451e+00
7.8250e+00	1.2947e+00
7.8350e+00	1.3441e+00
7.8450e+00	1.3962e+00
7.8550e+00	1.4509e+00
7.8650e+00	1.4995e+00
7.8750e+00	1.5410e+00
7.8850e+00	1.5791e+00
7.8950e+00	1.6109e+00
7.9050e+00	1.6360e+00
7.9150e+00	1.6548e+00
7.9250e+00	1.6730e+00
7.9350e+00	1.6726e+00
7.9450e+00	1.6789e+00
7.9550e+00	1.6781e+00
7.9650e+00	1.6479e+00
7.9750e+00	1.6370e+00
7.9850e+00	1.6096e+00
7.9950e+00	1.5843e+00
