# r	g(r)
5.0000e-03	0.0000e+00
1.5000e-02	0.0000e+00
2.5000e-02	0.0000e+00
3.5000e-02	0.0000e+00
4.5000e-02	0.0000e+00
5.5000e-02	0.0000e+00
6.5000e-02	0.0000e+00
7.5000e-02	0.0000e+00
8.5000e-02	0.0000e+00
9.5000e-02	0.0000e+00
1.0500e-01	0.0000e+00
1.1500e-01	0.0000e+00
1.2500e-01	0.0000e+00
1.3500e-01	0.0000e+00
1.4500e-01	0.0000e+00
1.5500e-01	0.0000e+00
1.6500e-01	0.0000e+00
1.7500e-01	0.0000e+00
1.8500e-01	0.0000e+00
1.9500e-01	0.0000e+00
2.0500e-01	0.0000e+00
2.1500e-01	0.0000e+00
2.2500e-01	0.0000e+00
2.3500e-01	0.0000e+00
2.4500e-01	0.0000e+00
2.5500e-01	0.0000e+00
2.6500e-01	0.0000e+00
2.7500e-01	0.0000e+00
2.8500e-01	0.0000e+00
2.9500e-01	0.0000e+00
3.0500e-01	0.0000e+00
3.1500e-01	0.0000e+00
3.2500e-01	0.0000e+00
3.3500e-01	0.0000e+00
3.4500e-01	0.0000e+00
3.5500e-01	0.0000e+00
3.6500e-01	0.0000e+00
3.7500e-01	0.0000e+00
3.8500e-01	0.0000e+00
3.9500e-01	0.0000e+00
4.0500e-01	0.0000e+00
4.1500e-01	0.0000e+00
4.2500e-01	0.0000e+00
4.3500e-01	0.0000e+00
4.4500e-01	0.0000e+00
4.5500e-01	0.0000e+00
4.6500e-01	0.0000e+00
4.7500e-01	0.0000e+00
4.8500e-01	0.0000e+00
4.9500e-01	0.0000e+00
5.0500e-01	0.0000e+00
5.1500e-01	0.0000e+00
5.2500e-01	0.0000e+00
5.3500e-01	0.0000e+00
5.4500e-01	0.0000e+00
5.5500e-01	0.0000e+00
5.6500e-01	0.0000e+00
5.7500e-01	0.0000e+00
5.8500e-01	0.0000e+00
5.9500e-01	0.0000e+00
6.0500e-01	0.0000e+00
6.1500e-01	0.0000e+00
6.2500e-01	0.0000e+00
6.3500e-01	0.0000e+00
6.4500e-01	0.0000e+00
6.5500e-01	0.0000e+00
6.6500e-01	0.0000e+00
6.7500e-01	0.0000e+00
6.8500e-01	0.0000e+00
6.9500e-01	0.0000e+00
7.0500e-01	0.0000e+00
7.1500e-01	0.0000e+00
7.2500e-01	0.0000e+00
7.3500e-01	0.0000e+00
7.4500e-01	0.0000e+00
7.5500e-01	0.0000e+00
7.6500e-01	0.0000e+00
7.7500e-01	0.0000e+00
7.8500e-01	0.0000e+00
7.9500e-01	0.0000e+00
8.0500e-01	0.0000e+00
8.1500e-01	0.0000e+00
8.2500e-01	0.0000e+00
8.3500e-01	0.0000e+00
8.4500e-01	0.0000e+00
8.5500e-01	0.0000e+00
8.6500e-01	0.0000e+00
8.7500e-01	0.0000e+00
8.8500e-01	0.0000e+00
8.9500e-01	0.0000e+00
9.0500e-01	0.0000e+00
9.1500e-01	0.0000e+00
9.2500e-01	0.0000e+00
9.3500e-01	0.0000e+00
9.4500e-01	0.0000e+00
9.5500e-01	0.0000e+00
9.6500e-01	0.0000e+00
9.7500e-01	0.0000e+00
9.8500e-01	0.0000e+00
9.9500e-01	0.0000e+00
1.0050e+00	0.0000e+00
1.0150e+00	0.0000e+00
1.0250e+00	0.0000e+00
1.0350e+00	0.0000e+00
1.0450e+00	0.0000e+00
1.0550e+00	0.0000e+00
1.0650e+00	0.0000e+00
1.0750e+00	0.0000e+00
1.0850e+00	0.0000e+00
1.0950e+00	0.0000e+00
1.1050e+00	0.0000e+00
1.1150e+00	0.0000e+00
1.1250e+00	0.0000e+00
1.1350e+00	0.0000e+00
1.1450e+00	0.0000e+00
1.1550e+00	0.0000e+00
1.1650e+00	0.0000e+00
1.1750e+00	0.0000e+00
1.1850e+00	0.0000e+00
1.1950e+00	0.0000e+00
1.2050e+00	0.0000e+00
1.2150e+00	0.0000e+00
1.2250e+00	0.0000e+00
1.2350e+00	0.0000e+00
1.2450e+00	0.0000e+00
1.2550e+00	0.0000e+00
1.2650e+00	0.0000e+00
1.2750e+00	0.0000e+00
1.2850e+00	0.0000e+00
1.2950e+00	0.0000e+00
1.3050e+00	0.0000e+00
1.3150e+00	0.0000e+00
1.3250e+00	0.0000e+00
1.3350e+00	0.0000e+00
1.3450e+00	0.0000e+00
1.3550e+00	0.0000e+00
1.3650e+00	0.0000e+00
1.3750e+00	0.0000e+00
1.3850e+00	0.0000e+00
1.3950e+00	0.0000e+00
1.4050e+00	0.0000e+00
1.4150e+00	0.0000e+00
1.4250e+00	0.0000e+00
1.4350e+00	0.0000e+00
1.4450e+00	0.0000e+00
1.4550e+00	0.0000e+00
1.4650e+00	0.0000e+00
1.4750e+00	0.0000e+00
1.4850e+00	0.0000e+00
1.4950e+00	0.0000e+00
1.5050e+00	0.0000e+00
1.5150e+00	0.0000e+00
1.5250e+00	0.0000e+00
1.5350e+00	0.0000e+00
1.5450e+00	0.0000e+00
1.5550e+00	0.0000e+00
1.5650e+00	0.0000e+00
1.5750e+00	5.8208e-05
1.5850e+00	0.0000e+00
1.5950e+00	5.6757e-05
1.6050e+00	0.0000e+00
1.6150e+00	0.0000e+00
1.6250e+00	2.1872e-04
1.6350e+00	5.4014e-04
1.6450e+00	4.2687e-04
1.6550e+00	1.0016e-03
1.6650e+00	1.6667e-03
1.6750e+00	1.3896e-03
1.6850e+00	2.4411e-03
1.6950e+00	2.7139e-03
1.7050e+00	4.4703e-03
1.7150e+00	6.1366e-03
1.7250e+00	6.8420e-03
1.7350e+00	1.0073e-02
1.7450e+00	1.1950e-02
1.7550e+00	1.2564e-02
1.7650e+00	1.8030e-02
1.7750e+00	2.2273e-02
1.7850e+00	2.8505e-02
1.7950e+00	3.5493e-02
1.8050e+00	4.2280e-02
1.8150e+00	5.2116e-02
1.8250e+00	6.1734e-02
1.8350e+00	7.0669e-02
1.8450e+00	8.2927e-02
1.8550e+00	9.9240e-02
1.8650e+00	1.1188e-01
1.8750e+00	1.3311e-01
1.8850e+00	1.5405e-01
1.8950e+00	1.7350e-01
1.9050e+00	1.9795e-01
1.9150e+00	2.2140e-01
1.9250e+00	2.4630e-01
1.9350e+00	2.7523e-01
1.9450e+00	3.0256e-01
1.9550e+00	3.2422e-01
1.9650e+00	3.6483e-01
1.9750e+00	4.0086e-01
1.9850e+00	4.2795e-01
1.9950e+00	4.5556e-01
2.0050e+00	5.0145e-01
2.0150e+00	5.4084e-01
2.0250e+00	5.7723e-01
2.0350e+00	6.0958e-01
2.0450e+00	6.5459e-01
2.0550e+00	6.7829e-01
2.0650e+00	7.1498e-01
2.0750e+00	7.5804e-01
2.0850e+00	7.9227e-01
2.0950e+00	8.2164e-01
2.1050e+00	8.6827e-01
2.1150e+00	9.0643e-01
2.1250e+00	9.4195e-01
2.1350e+00	9.7518e-01
2.1450e+00	1.0095e+00
2.1550e+00	1.0319e+00
2.1650e+00	1.0715e+00
2.1750e+00	1.1078e+00
2.1850e+00	1.1230e+00
2.1950e+00	1.1643e+00
2.2050e+00	1.1965e+00
2.2150e+00	1.2048e+00
2.2250e+00	1.2396e+00
2.2350e+00	1.2657e+00
2.2450e+00	1.2731e+00
2.2550e+00	1.3113e+00
2.2650e+00	1.3233e+00
2.2750e+00	1.3538e+00
2.2850e+00	1.3692e+00
2.2950e+00	1.3817e+00
2.3050e+00	1.3889e+00
2.3150e+00	1.4118e+00
2.3250e+00	1.4185e+00
2.3350e+00	1.4256e+00
2.3450e+00	1.4334e+00
2.3550e+00	1.4371e+00
2.3650e+00	1.4476e+00
2.3750e+00	1.4618e+00
2.3850e+00	1.4674e+00
2.3950e+00	1.4598e+00
2.4050e+00	1.4679e+00
2.4150e+00	1.4614e+00
2.4250e+00	1.4670e+00
2.4350e+00	1.4748e+00
2.4450e+00	1.4627e+00
2.4550e+00	1.4785e+00
2.4650e+00	1.4736e+00
2.4750e+00	1.4622e+00
2.4850e+00	1.4685e+00
2.4950e+00	1.4614e+00
2.5050e+00	1.4585e+00
2.5150e+00	1.4433e+00
2.5250e+00	1.4439e+00
2.5350e+00	1.4327e+00
2.5450e+00	1.4296e+00
2.5550e+00	1.4303e+00
2.5650e+00	1.4246e+00
2.5750e+00	1.4318e+00
2.5850e+00	1.4030e+00
2.5950e+00	1.4109e+00
2.6050e+00	1.4124e+00
2.6150e+00	1.3900e+00
2.6250e+00	1.3857e+00
2.6350e+00	1.3771e+00
2.6450e+00	1.3562e+00
2.6550e+00	1.3584e+00
2.6650e+00	1.3409e+00
2.6750e+00	1.3339e+00
2.6850e+00	1.3200e+00
2.6950e+00	1.3139e+00
2.7050e+00	1.3202e+00
2.7150e+00	1.2961e+00
2.7250e+00	1.2891e+00
2.7350e+00	1.2853e+00
2.7450e+00	1.2760e+00
2.7550e+00	1.2582e+00
2.7650e+00	1.2541e+00
2.7750e+00	1.2391e+00
2.7850e+00	1.2333e+00
2.7950e+00	1.2329e+00
2.8050e+00	1.2236e+00
2.8150e+00	1.2125e+00
2.8250e+00	1.2010e+00
2.8350e+00	1.1946e+00
2.8450e+00	1.1918e+00
2.8550e+00	1.1823e+00
2.8650e+00	1.1781e+00
2.8750e+00	1.1657e+00
2.8850e+00	1.1596e+00
2.8950e+00	1.1491e+00
2.9050e+00	1.1426e+00
2.9150e+00	1.1343e+00
2.9250e+00	1.1276e+00
2.9350e+00	1.1277e+00
2.9450e+00	1.1124e+00
2.9550e+00	1.1097e+00
2.9650e+00	1.1048e+00
2.9750e+00	1.0978e+00
2.9850e+00	1.0923e+00
2.9950e+00	1.0879e+00
3.0050e+00	1.0832e+00
3.0150e+00	1.0759e+00
3.0250e+00	1.0705e+00
3.0350e+00	1.0667e+00
3.0450e+00	1.0606e+00
3.0550e+00	1.0595e+00
3.0650e+00	1.0487e+00
3.0750e+00	1.0519e+00
3.0850e+00	1.0484e+00
3.0950e+00	1.0465e+00
3.1050e+00	1.0452e+00
3.1150e+00	1.0445e+00
3.1250e+00	1.0335e+00
3.1350e+00	1.0311e+00
3.1450e+00	1.0189e+00
3.1550e+00	1.0262e+00
3.1650e+00	1.0233e+00
3.1750e+00	1.0211e+00
3.1850e+00	1.0221e+00
3.1950e+00	1.0189e+00
3.2050e+00	1.0187e+00
3.2150e+00	1.0192e+00
3.2250e+00	1.0131e+00
3.2350e+00	1.0169e+00
3.2450e+00	1.0127e+00
3.2550e+00	1.0174e+00
3.2650e+00	1.0135e+00
3.2750e+00	1.0128e+00
3.2850e+00	1.0177e+00
3.2950e+00	1.0145e+00
3.3050e+00	1.0178e+00
3.3150e+00	1.0164e+00
3.3250e+00	1.0221e+00
3.3350e+00	1.0205e+00
3.3450e+00	1.0198e+00
3.3550e+00	1.0301e+00
3.3650e+00	1.0278e+00
3.3750e+00	1.0310e+00
3.3850e+00	1.0279e+00
3.3950e+00	1.0307e+00
3.4050e+00	1.0325e+00
3.4150e+00	1.0385e+00
3.4250e+00	1.0419e+00
3.4350e+00	1.0478e+00
3.4450e+00	1.0481e+00
3.4550e+00	1.0494e+00
3.4650e+00	1.0565e+00
3.4750e+00	1.0558e+00
3.4850e+00	1.0623e+00
3.4950e+00	1.0635e+00
3.5050e+00	1.0658e+00
3.5150e+00	1.0790e+00
3.5250e+00	1.0692e+00
3.5350e+00	1.0798e+00
3.5450e+00	1.0853e+00
3.5550e+00	1.0861e+00
3.5650e+00	1.0983e+00
3.5750e+00	1.0986e+00
3.5850e+00	1.1057e+00
3.5950e+00	1.1038e+00
3.6050e+00	1.1127e+00
3.6150e+00	1.1224e+00
3.6250e+00	1.1218e+00
3.6350e+00	1.1277e+00
3.6450e+00	1.1329e+00
3.6550e+00	1.1397e+00
3.6650e+00	1.1436e+00
3.6750e+00	1.1560e+00
3.6850e+00	1.1626e+00
3.6950e+00	1.1635e+00
3.7050e+00	1.1652e+00
3.7150e+00	1.1743e+00
3.7250e+00	1.1762e+00
3.7350e+00	1.1866e+00
3.7450e+00	1.1906e+00
3.7550e+00	1.2010e+00
3.7650e+00	1.2068e+00
3.7750e+00	1.2095e+00
3.7850e+00	1.2202e+00
3.7950e+00	1.2240e+00
3.8050e+00	1.2298e+00
3.8150e+00	1.2360e+00
3.8250e+00	1.2360e+00
3.8350e+00	1.2449e+00
3.8450e+00	1.2482e+00
3.8550e+00	1.2611e+00
3.8650e+00	1.2653e+00
3.8750e+00	1.2706e+00
3.8850e+00	1.2736e+00
3.8950e+00	1.2794e+00
3.9050e+00	1.2812e+00
3.9150e+00	1.2860e+00
3.9250e+00	1.2947e+00
3.9350e+00	1.3020e+00
3.9450e+00	1.3098e+00
3.9550e+00	1.3050e+00
3.9650e+00	1.3144e+00
3.9750e+00	1.3252e+00
3.9850e+00	1.3241e+00
3.9950e+00	1.3285e+00
4.0050e+00	1.3328e+00
4.0150e+00	1.3312e+00
4.0250e+00	1.3409e+00
4.0350e+00	1.3480e+00
4.0450e+00	1.3497e+00
4.0550e+00	1.3516e+00
4.0650e+00	1.3534e+00
4.0750e+00	1.3551e+00
4.0850e+00	1.3555e+00
4.0950e+00	1.3566e+00
4.1050e+00	1.3667e+00
4.1150e+00	1.3645e+00
4.1250e+00	1.3645e+00
4.1350e+00	1.3655e+00
4.1450e+00	1.3728e+00
4.1550e+00	1.3760e+00
4.1650e+00	1.3661e+00
4.1750e+00	1.3705e+00
4.1850e+00	1.3770e+00
4.1950e+00	1.3710e+00
4.2050e+00	1.3818e+00
4.2150e+00	1.3792e+00
4.2250e+00	1.3740e+00
4.2350e+00	1.3789e+00
4.2450e+00	1.3816e+00
4.2550e+00	1.3766e+00
4.2650e+00	1.3768e+00
4.2750e+00	1.3757e+00
4.2850e+00	1.3779e+00
4.2950e+00	1.3768e+00
4.3050e+00	1.3729e+00
4.3150e+00	1.3736e+00
4.3250e+00	1.3817e+00
4.3350e+00	1.3760e+00
4.3450e+00	1.3776e+00
4.3550e+00	1.3714e+00
4.3650e+00	1.3711e+00
4.3750e+00	1.3747e+00
4.3850e+00	1.3787e+00
4.3950e+00	1.3716e+00
4.4050e+00	1.3668e+00
4.4150e+00	1.3725e+00
4.4250e+00	1.3717e+00
4.4350e+00	1.3695e+00
4.4450e+00	1.3716e+00
4.4550e+00	1.3657e+00
4.4650e+00	1.3588e+00
4.4750e+00	1.3635e+00
4.4850e+00	1.3628e+00
4.4950e+00	1.3686e+00
4.5050e+00	1.3579e+00
4.5150e+00	1.3569e+00
4.5250e+00	1.3464e+00
4.5350e+00	1.3506e+00
4.5450e+00	1.3528e+00
4.5550e+00	1.3496e+00
4.5650e+00	1.3437e+00
4.5750e+00	1.3395e+00
4.5850e+00	1.3310e+00
4.5950e+00	1.3295e+00
4.6050e+00	1.3380e+00
4.6150e+00	1.3238e+00
4.6250e+00	1.3198e+00
4.6350e+00	1.3199e+00
4.6450e+00	1.3186e+00
4.6550e+00	1.3103e+00
4.6650e+00	1.3022e+00
4.6750e+00	1.2934e+00
4.6850e+00	1.2975e+00
4.6950e+00	1.2834e+00
4.7050e+00	1.2772e+00
4.7150e+00	1.2806e+00
4.7250e+00	1.2727e+00
4.7350e+00	1.2678e+00
4.7450e+00	1.2575e+00
4.7550e+00	1.2516e+00
4.7650e+00	1.2472e+00
4.7750e+00	1.2386e+00
4.7850e+00	1.2400e+00
4.7950e+00	1.2306e+00
4.8050e+00	1.2263e+00
4.8150e+00	1.2180e+00
4.8250e+00	1.2082e+00
4.8350e+00	1.2028e+00
4.8450e+00	1.1972e+00
4.8550e+00	1.1931e+00
4.8650e+00	1.1786e+00
4.8750e+00	1.1790e+00
4.8850e+00	1.1760e+00
4.8950e+00	1.1630e+00
4.9050e+00	1.1538e+00
4.9150e+00	1.1497e+00
4.9250e+00	1.1460e+00
4.9350e+00	1.1378e+00
4.9450e+00	1.1280e+00
4.9550e+00	1.1266e+00
4.9650e+00	1.1172e+00
4.9750e+00	1.1150e+00
4.9850e+00	1.1059e+00
4.9950e+00	1.0982e+00
5.0050e+00	1.0970e+00
5.0150e+00	1.0874e+00
5.0250e+00	1.0815e+00
5.0350e+00	1.0764e+00
5.0450e+00	1.0759e+00
5.0550e+00	1.0667e+00
5.0650e+00	1.0647e+00
5.0750e+00	1.0571e+00
5.0850e+00	1.0520e+00
5.0950e+00	1.0484e+00
5.1050e+00	1.0418e+00
5.1150e+00	1.0400e+00
5.1250e+00	1.0345e+00
5.1350e+00	1.0271e+00
5.1450e+00	1.0271e+00
5.1550e+00	1.0157e+00
5.1650e+00	1.0142e+00
5.1750e+00	1.0104e+00
5.1850e+00	1.0017e+00
5.1950e+00	9.9928e-01
5.2050e+00	9.9504e-01
5.2150e+00	9.8870e-01
5.2250e+00	9.8945e-01
5.2350e+00	9.7866e-01
5.2450e+00	9.7415e-01
5.2550e+00	9.7185e-01
5.2650e+00	9.6792e-01
5.2750e+00	9.6463e-01
5.2850e+00	9.5638e-01
5.2950e+00	9.5287e-01
5.3050e+00	9.4678e-01
5.3150e+00	9.4204e-01
5.3250e+00	9.3873e-01
5.3350e+00	9.3568e-01
5.3450e+00	9.3494e-01
5.3550e+00	9.2594e-01
5.3650e+00	9.2191e-01
5.3750e+00	9.2032e-01
5.3850e+00	9.1150e-01
5.3950e+00	9.1033e-01
5.4050e+00	9.0772e-01
5.4150e+00	9.0221e-01
5.4250e+00	8.9597e-01
5.4350e+00	8.9543e-01
5.4450e+00	8.8727e-01
5.4550e+00	8.8732e-01
5.4650e+00	8.7998e-01
5.4750e+00	8.7387e-01
5.4850e+00	8.7400e-01
5.4950e+00	8.6672e-01
5.5050e+00	8.6675e-01
5.5150e+00	8.5812e-01
5.5250e+00	8.5585e-01
5.5350e+00	8.5336e-01
5.5450e+00	8.5007e-01
5.5550e+00	8.4644e-01
5.5650e+00	8.4196e-01
5.5750e+00	8.3933e-01
5.5850e+00	8.3422e-01
5.5950e+00	8.2809e-01
5.6050e+00	8.2845e-01
5.6150e+00	8.2341e-01
5.6250e+00	8.1772e-01
5.6350e+00	8.1571e-01
5.6450e+00	8.1541e-01
5.6550e+00	8.0892e-01
5.6650e+00	8.0824e-01
5.6750e+00	8.0521e-01
5.6850e+00	7.9836e-01
5.6950e+00	7.9610e-01
5.7050e+00	7.9464e-01
5.7150e+00	7.9304e-01
5.7250e+00	7.8706e-01
5.7350e+00	7.8683e-01
5.7450e+00	7.8806e-01
5.7550e+00	7.8409e-01
5.7650e+00	7.7846e-01
5.7750e+00	7.7580e-01
5.7850e+00	7.7559e-01
5.7950e+00	7.6743e-01
5.8050e+00	7.6490e-01
5.8150e+00	7.6807e-01
5.8250e+00	7.6380e-01
5.8350e+00	7.6239e-01
5.8450e+00	7.6348e-01
5.8550e+00	7.5908e-01
5.8650e+00	7.5494e-01
5.8750e+00	7.5770e-01
5.8850e+00	7.5566e-01
5.8950e+00	7.5398e-01
5.9050e+00	7.5301e-01
5.9150e+00	7.4955e-01
5.9250e+00	7.5064e-01
5.9350e+00	7.4590e-01
5.9450e+00	7.4840e-01
5.9550e+00	7.4493e-01
5.9650e+00	7.4636e-01
5.9750e+00	7.4416e-01
5.9850e+00	7.4419e-01
5.9950e+00	7.3913e-01
6.0050e+00	7.4212e-01
6.0150e+00	7.4275e-01
6.0250e+00	7.4175e-01
6.0350e+00	7.4643e-01
6.0450e+00	7.4263e-01
6.0550e+00	7.4018e-01
6.0650e+00	7.4560e-01
6.0750e+00	7.4343e-01
6.0850e+00	7.4577e-01
6.0950e+00	7.4472e-01
6.1050e+00	7.4308e-01
6.1150e+00	7.4468e-01
6.1250e+00	7.4318e-01
6.1350e+00	7.4562e-01
6.1450e+00	7.4444e-01
6.1550e+00	7.4923e-01
6.1650e+00	7.4634e-01
6.1750e+00	7.5338e-01
6.1850e+00	7.5093e-01
6.1950e+00	7.5070e-01
6.2050e+00	7.5504e-01
6.2150e+00	7.5507e-01
6.2250e+00	7.5492e-01
6.2350e+00	7.5771e-01
6.2450e+00	7.5858e-01
6.2550e+00	7.5949e-01
6.2650e+00	7.6399e-01
6.2750e+00	7.6939e-01
6.2850e+00	7.6512e-01
6.2950e+00	7.6972e-01
6.3050e+00	7.7018e-01
6.3150e+00	7.7281e-01
6.3250e+00	7.7793e-01
6.3350e+00	7.7972e-01
6.3450e+00	7.8333e-01
6.3550e+00	7.8283e-01
6.3650e+00	7.8636e-01
6.3750e+00	7.8923e-01
6.3850e+00	7.8986e-01
6.3950e+00	7.9435e-01
6.4050e+00	7.9827e-01
6.4150e+00	8.0016e-01
6.4250e+00	8.0227e-01
6.4350e+00	8.0538e-01
6.4450e+00	8.0408e-01
6.4550e+00	8.0952e-01
6.4650e+00	8.1647e-01
6.4750e+00	8.1635e-01
6.4850e+00	8.2164e-01
6.4950e+00	8.1928e-01
6.5050e+00	8.2352e-01
6.5150e+00	8.2351e-01
6.5250e+00	8.2882e-01
6.5350e+00	8.3363e-01
6.5450e+00	8.3302e-01
6.5550e+00	8.3971e-01
6.5650e+00	8.3924e-01
6.5750e+00	8.4161e-01
6.5850e+00	8.4108e-01
6.5950e+00	8.4416e-01
6.6050e+00	8.4870e-01
6.6150e+00	8.5161e-01
6.6250e+00	8.5595e-01
6.6350e+00	8.5402e-01
6.6450e+00	8.5737e-01
6.6550e+00	8.5931e-01
6.6650e+00	8.6031e-01
6.6750e+00	8.6250e-01
6.6850e+00	8.6609e-01
6.6950e+00	8.6876e-01
6.7050e+00	8.6983e-01
6.7150e+00	8.7021e-01
6.7250e+00	8.7381e-01
6.7350e+00	8.7491e-01
6.7450e+00	8.7577e-01
6.7550e+00	8.7933e-01
6.7650e+00	8.8109e-01
6.7750e+00	8.8042e-01
6.7850e+00	8.8290e-01
6.7950e+00	8.8596e-01
6.8050e+00	8.8669e-01
6.8150e+00	8.8892e-01
6.8250e+00	8.8930e-01
6.8350e+00	8.8857e-01
6.8450e+00	8.9246e-01
6.8550e+00	8.9262e-01
6.8650e+00	8.9449e-01
6.8750e+00	8.9562e-01
6.8850e+00	8.9610e-01
6.8950e+00	8.9826e-01
6.9050e+00	9.0032e-01
6.9150e+00	9.0229e-01
6.9250e+00	9.0443e-01
6.9350e+00	9.0293e-01
6.9450e+00	9.0314e-01
6.9550e+00	9.0536e-01
6.9650e+00	9.1094e-01
6.9750e+00	9.0778e-01
6.9850e+00	9.1015e-01
6.9950e+00	9.0955e-01
7.0050e+00	9.1388e-01
7.0150e+00	9.1337e-01
7.0250e+00	9.1460e-01
7.0350e+00	9.1506e-01
7.0450e+00	9.1536e-01
7.0550e+00	9.1633e-01
7.0650e+00	9.1786e-01
7.0750e+00	9.1718e-01
7.0850e+00	9.2041e-01
7.0950e+00	9.2053e-01
7.1050e+00	9.2208e-01
7.1150e+00	9.2414e-01
7.1250e+00	9.2139e-01
7.1350e+00	9.2249e-01
7.1450e+00	9.2431e-01
7.1550e+00	9.2577e-01
7.1650e+00	9.2342e-01
7.1750e+00	9.2654e-01
7.1850e+00	9.2935e-01
7.1950e+00	9.2861e-01
7.2050e+00	9.2741e-01
7.2150e+00	9.2897e-01
7.2250e+00	9.3124e-01
7.2350e+00	9.3330e-01
7.2450e+00	9.2939e-01
7.2550e+00	9.3240e-01
7.2650e+00	9.3435e-01
7.2750e+00	9.3381e-01
7.2850e+00	9.3749e-01
7.2950e+00	9.3615e-01
7.3050e+00	9.4078e-01
7.3150e+00	9.3861e-01
7.3250e+00	9.3887e-01
7.3350e+00	9.3792e-01
7.3450e+00	9.4477e-01
7.3550e+00	9.3978e-01
7.3650e+00	9.4363e-01
7.3750e+00	9.4227e-01
7.3850e+00	9.4169e-01
7.3950e+00	9.4612e-01
7.4050e+00	9.3895e-01
7.4150e+00	9.4396e-01
7.4250e+00	9.4162e-01
7.4350e+00	9.4417e-01
7.4450e+00	9.4287e-01
7.4550e+00	9.4564e-01
7.4650e+00	9.4383e-01
7.4750e+00	9.4699e-01
7.4850e+00	9.4770e-01
7.4950e+00	9.4827e-01
7.5050e+00	9.4807e-01
7.5150e+00	9.4804e-01
7.5250e+00	9.4918e-01
7.5350e+00	9.4793e-01
7.5450e+00	9.4838e-01
7.5550e+00	9.5064e-01
7.5650e+00	9.4757e-01
7.5750e+00	9.4786e-01
7.5850e+00	9.4872e-01
7.5950e+00	9.5178e-01
7.6050e+00	9.5091e-01
7.6150e+00	9.5074e-01
7.6250e+00	9.4755e-01
7.6350e+00	9.4970e-01
7.6450e+00	9.5017e-01
7.6550e+00	9.5250e-01
7.6650e+00	9.4916e-01
7.6750e+00	9.5462e-01
7.6850e+00	9.5526e-01
7.6950e+00	9.5193e-01
7.7050e+00	9.5309e-01
7.7150e+00	9.5656e-01
7.7250e+00	9.5668e-01
7.7350e+00	9.5683e-01
7.7450e+00	9.5567e-01
7.7550e+00	9.5510e-01
7.7650e+00	9.5582e-01
7.7750e+00	9.5512e-01
7.7850e+00	9.5795e-01
7.7950e+00	9.5603e-01
7.8050e+00	9.5868e-01
7.8150e+00	9.5900e-01
7.8250e+00	9.5843e-01
7.8350e+00	9.5984e-01
7.8450e+00	9.5962e-01
7.8550e+00	9.5866e-01
7.8650e+00	9.6233e-01
7.8750e+00	9.6142e-01
7.8850e+00	9.6093e-01
7.8950e+00	9.6251e-01
7.9050e+00	9.6659e-01
7.9150e+00	9.6309e-01
7.9250e+00	9.6849e-01
7.9350e+00	9.6658e-01
7.9450e+00	9.6693e-01
7.9550e+00	9.6760e-01
7.9650e+00	9.7051e-01
7.9750e+00	9.7310e-01
7.9850e+00	9.7355e-01
7.9950e+00	9.7388e-01
